dir ../Data/Franck-Hertz/

begin t_165_u2_2.5.txt 10 40
    9.8 38 6 False Name 2 11.6 1 4 16.4 1 7 21.3 1 9 26.2 1 13 31.2 1 16 36.4 1 0 0
end

begin t_165_u2_3.0.txt 10 40
    9.8 38 6 False Name 2 11.6 1 4 16.4 1 7 21.3 1 9 26.2 1 13 31.2 1 16 36.4 1 0 0
end

begin t_165_u2_3.5.txt 10 40
    9.8 38 6 False Name 2 11.6 1 4 16.4 1 7 21.3 1 9 26.2 1 13 31.2 1 16 36.4 1 0 0
end

begin t_165_u2_4.0.txt 10 40
    9.8 38 6 False Name 2 11.6 1 4 16.4 1 7 21.3 1 9 26.2 1 13 31.2 1 16 36.4 1 0 0
end

begin u2_2.5_t_165.txt 10 40
    9.8 38.3 6 False Name 2 11.6 1 4 16.4 1 7 21.3 1 9 26.2 1 13 31.2 1 16 36.4 1 0 0
end
