dir ../Data/Zeeman3/

begin i4.3.txt -1.2 -0.7
    -1.13 -0.75 3 True 4.3 2 -1.05 0.03 6 -0.96 0.05 2 -0.83 0.03 1 1
end

begin i5.2.txt -1.2 -0.7
    -1.13 -0.75 3 True 5.2 2 -1.05 0.03 6 -0.96 0.05 2 -0.83 0.03 1 1
end

begin i5.7.txt -1.2 -0.7
    -1.13 -0.75 3 True 5.7 2 -1.05 0.03 6 -0.96 0.05 2 -0.83 0.03 1 1
end

begin i6.3.txt -1.2 -0.7
    -1.13 -0.75 3 True 6.3 2 -1.05 0.03 6 -0.96 0.05 2 -0.83 0.03 1 1
end

begin i6.7.txt -1.2 -0.7
    -1.13 -0.75 3 True 6.7 2 -1.05 0.03 6 -0.96 0.05 2 -0.83 0.03 1 1
end

begin i7.1.txt -1.2 -0.7
    -1.13 -0.75 3 True 7.1 2 -1.05 0.03 6 -0.96 0.05 2 -0.83 0.03 1 1
end

begin i7.6.txt -1.2 -0.7
    -1.13 -0.75 3 True 7.6 2 -1.05 0.03 6 -0.96 0.05 2 -0.83 0.03 1 1
end

begin i8.6.txt -1.2 -0.7
    -1.13 -0.75 3 True 8.6 2 -1.05 0.03 6 -0.96 0.05 2 -0.83 0.03 1 1
end

begin i8.8.txt -1.2 -0.7
    -1.13 -0.75 3 True 8.8 2 -1.05 0.03 6 -0.96 0.05 2 -0.83 0.03 1 1
end

begin i9.1.txt -1.2 -0.7
    -1.13 -0.75 3 True 9.1 2 -1.06 0.06 5 -0.96 0.05 2 -0.83 0.05 1 1
end
