dir ../Data/Zeeman/


begin i4.7.txt -1 -.4
    -0.92 -0.5 3 True 6.0 2 -0.82 0.03 3 -0.74 0.04 5.5 -0.62 0.04 0.1 1
end

begin i5.2.txt -1 -.4
    -0.92 -0.5 3 True 6.0 2 -0.82 0.03 3 -0.74 0.04 5.5 -0.62 0.04 0.1 1
end

begin i5.7.txt -1 -.4
    -0.92 -0.5 3 True 6.0 2 -0.83 0.03 3 -0.75 0.05 5.5 -0.63 0.04 0.1 1
end

begin i6.0.txt -1 -.4
    -0.92 -0.5 3 True 6.0 2 -0.83 0.03 3 -0.78 0.05 5.5 -0.61 0.05 0.1 1
end

begin i6.3.txt -1 -.4
    -0.92 -0.5 3 True 6.0 2 -0.83 0.04 3 -0.76 0.04 5.5 -0.63 0.04 0.1 1
end

begin i6.7.txt -1 -.4
    -0.92 -0.5 3 True 6.0 2 -0.83 0.04 3 -0.76 0.04 5.5 -0.63 0.04 0.1 1
end

begin i7.0.txt -1 -.4
    -0.92 -0.5 3 True 7.0 2 -0.83 0.03 3 -0.78 0.05 3 -0.61 0.05 0.1 1
end

begin i7.3.txt -1 -.4
    -0.92 -0.5 3 True 7.0 2 -0.83 0.03 3 -0.78 0.05 3 -0.61 0.05 0.1 1
end

begin i7.8.txt -1 -.4
    -0.92 -0.49 3 True 7.8 2 -0.86 0.05 3 -0.72 0.05 6 -0.59 0.04 0.1 1
end

begin i7.9.txt -1 -.4
    -0.93 -0.45 3 True 7.9 10 -0.85 0.05 5 -0.72 0.05 6 -0.54 0.05 0.1 1
end

