dir ../Data/Zeeman2/

begin i5.5.txt -1.2 -0.7
    -1.1 -0.75 3 True 5.5 2 -1.02 0.03 6 -0.93 0.05 2 -0.84 0.03 1 1
end

begin i6.0.txt -1.2 -0.7
    -1.1 -0.75 3 True 6.0 2 -1.02 0.03 6 -0.93 0.05 2 -0.84 0.03 1 1
end

begin i6.5.txt -1.2 -0.7
    -1.1 -0.75 3 True 6.5 2 -1.03 0.03 6 -0.93 0.05 2 -0.84 0.03 1 1
end

begin i7.0.txt -1.2 -0.7
    -1.1 -0.75 3 True 7.0 2 -1.02 0.03 6 -0.93 0.05 2 -0.84 0.03 1 1
end

begin i7.6.txt -1.2 -0.7
    -1.1 -0.75 3 True 7.6 2 -1.02 0.03 6 -0.93 0.05 2 -0.84 0.03 1 1
end

begin i8.3.txt -1.2 -0.7
    -1.1 -0.75 3 True 8.3 2 -1.05 0.03 6 -0.93 0.05 2 -0.81 0.03 1 1
end

begin i8.8.txt -1.2 -0.7
    -1.1 -0.75 3 True 8.8 2 -1.05 0.03 6 -0.93 0.05 2 -0.81 0.03 1 1
end

begin i9.4.txt -1.2 -0.7
    -1.1 -0.73 3 True 9.4 2 -1.05 0.03 6 -0.93 0.05 2 -0.81 0.03 1 1
end

