&a / °	I1 / %
5.459	0.1
5.454	0.1
5.449	0.1
5.443	0.1
5.438	0.1
5.433	0.1
5.428	0.0
5.422	0.0
5.417	0.0
5.412	0.0
5.406	0.0
5.401	0.0
5.396	0.0
5.390	0.0
5.385	0.0
5.380	0.0
5.375	0.0
5.369	0.0
5.364	0.0
5.359	0.0
5.353	0.0
5.348	0.0
5.343	0.0
5.337	0.0
5.332	0.0
5.327	0.0
5.322	0.0
5.316	0.0
5.311	0.0
5.306	0.0
5.300	0.0
5.295	0.0
5.290	0.0
5.284	0.0
5.279	0.0
5.274	0.0
5.269	0.0
5.263	0.0
5.258	0.0
5.253	0.0
5.247	0.0
5.242	0.0
5.237	0.0
5.231	0.0
5.226	0.0
5.221	0.0
5.216	0.0
5.210	0.0
5.205	0.0
5.200	0.1
5.194	0.1
5.189	0.1
5.184	0.1
5.178	0.1
5.173	0.1
5.168	0.1
5.162	0.1
5.157	0.1
5.152	0.1
5.147	0.1
5.141	0.2
5.136	0.3
5.131	0.3
5.125	0.3
5.120	0.3
5.115	0.3
5.109	0.3
5.104	0.3
5.099	0.3
5.094	0.3
5.088	0.3
5.083	0.3
5.078	0.4
5.072	0.4
5.067	0.4
5.062	0.4
5.056	0.4
5.051	0.4
5.046	0.4
5.040	0.4
5.035	0.4
5.030	0.4
5.025	0.4
5.019	0.4
5.014	0.4
5.009	0.4
5.003	0.5
4.998	0.8
4.993	0.9
4.987	1.0
4.982	1.0
4.977	0.9
4.971	0.8
4.966	0.8
4.961	0.8
4.956	0.8
4.950	0.8
4.945	0.8
4.940	0.8
4.934	0.8
4.929	1.1
4.924	1.4
4.918	1.8
4.913	2.1
4.908	2.1
4.902	1.7
4.897	1.4
4.892	1.2
4.887	1.1
4.881	0.9
4.876	0.8
4.871	0.8
4.865	0.8
4.860	1.2
4.855	1.6
4.849	2.3
4.844	3.1
4.839	3.9
4.833	4.0
4.828	3.6
4.823	2.8
4.818	2.0
4.812	1.6
4.807	1.2
4.802	1.2
4.796	1.2
4.791	1.2
4.786	1.2
4.780	1.6
4.775	2.4
4.770	3.2
4.764	4.8
4.759	6.0
4.754	6.0
4.748	5.2
4.743	4.4
4.738	3.2
4.733	2.4
4.727	1.8
4.722	1.4
4.717	1.3
4.711	1.3
4.706	1.4
4.701	1.8
4.695	2.6
4.690	4.2
4.685	6.4
4.679	8.4
4.674	8.5
4.669	7.2
4.663	5.3
4.658	4.1
4.653	3.0
4.648	2.4
4.642	2.0
4.637	1.6
4.632	1.6
4.626	2.0
4.621	2.3
4.616	3.1
4.610	4.7
4.605	7.4
4.600	10.4
4.594	11.6
4.589	10.0
4.584	7.5
4.578	5.5
4.573	4.1
4.568	3.2
4.563	2.5
4.557	2.1
4.552	2.0
4.547	2.0
4.541	2.3
4.536	2.8
4.531	3.6
4.525	6.2
4.520	10.6
4.515	14.0
4.509	13.4
4.504	10.3
4.499	7.4
4.493	5.4
4.488	4.3
4.483	3.2
4.478	2.6
4.472	2.3
4.467	2.2
4.462	2.2
4.456	2.6
4.451	3.1
4.446	4.4
4.440	7.6
4.435	13.1
4.430	17.5
4.424	16.8
4.419	12.8
4.414	8.8
4.408	6.0
4.403	4.4
4.398	3.2
4.392	2.8
4.387	2.4
4.382	2.4
4.377	2.4
4.371	2.6
4.366	3.0
4.361	3.9
4.355	6.7
4.350	12.7
4.345	19.1
4.339	19.7
4.334	15.3
4.329	10.7
4.323	7.3
4.318	5.2
4.313	4.0
4.307	3.0
4.302	2.6
4.297	2.4
4.291	2.4
4.286	2.7
4.281	3.1
4.275	3.6
4.270	5.1
4.265	9.0
4.260	16.4
4.254	21.6
4.249	19.6
4.244	14.4
4.238	10.0
4.233	7.0
4.228	5.0
4.222	4.2
4.217	3.2
4.212	2.8
4.206	2.5
4.201	2.5
4.196	2.8
4.190	3.2
4.185	4.0
4.180	5.6
4.174	9.8
4.169	16.8
4.164	21.5
4.158	19.9
4.153	15.2
4.148	10.8
4.143	7.6
4.137	5.6
4.132	4.4
4.127	3.6
4.121	2.9
4.116	2.6
4.111	2.5
4.105	2.8
4.100	3.2
4.095	3.6
4.089	4.8
4.084	8.0
4.079	15.9
4.073	24.0
4.068	23.8
4.063	18.6
4.057	13.2
4.052	9.2
4.047	6.4
4.041	4.8
4.036	3.9
4.031	3.3
4.025	2.8
4.020	2.8
4.015	2.8
4.009	2.8
4.004	3.2
3.999	4.0
3.994	5.4
3.988	9.6
3.983	18.7
3.978	25.6
3.972	24.0
3.967	18.4
3.962	13.2
3.956	9.2
3.951	6.8
3.946	5.2
3.940	4.4
3.935	3.6
3.930	3.1
3.924	3.0
3.919	2.9
3.914	3.0
3.908	3.2
3.903	3.6
3.898	4.9
3.892	8.3
3.887	16.7
3.882	25.4
3.876	25.8
3.871	20.9
3.866	15.3
3.860	10.9
3.855	7.7
3.850	5.7
3.844	4.4
3.839	3.6
3.834	3.2
3.829	3.1
3.823	3.0
3.818	3.1
3.813	3.2
3.807	3.6
3.802	4.0
3.797	5.6
3.791	10.0
3.786	19.6
3.781	26.5
3.775	25.2
3.770	19.9
3.765	14.7
3.759	10.6
3.754	7.7
3.749	5.9
3.743	4.7
3.738	3.9
3.733	3.5
3.727	3.2
3.722	3.2
3.717	3.2
3.711	3.2
3.706	3.6
3.701	4.0
3.695	5.2
3.690	8.5
3.685	16.8
3.679	25.5
3.674	27.1
3.669	23.2
3.663	17.8
3.658	13.0
3.653	9.4
3.647	7.0
3.642	5.4
3.637	4.4
3.632	3.6
3.626	3.2
3.621	3.2
3.616	3.2
3.610	3.2
3.605	3.5
3.600	3.9
3.594	4.3
3.589	5.6
3.584	9.2
3.578	16.9
3.573	24.5
3.568	26.0
3.562	23.2
3.557	18.4
3.552	13.6
3.546	10.0
3.541	7.2
3.536	5.6
3.530	4.5
3.525	3.9
3.520	3.5
3.514	3.4
3.509	3.4
3.504	3.4
3.498	3.5
3.493	3.8
3.488	4.2
3.482	5.0
3.477	7.2
3.472	12.8
3.466	21.6
3.461	26.9
3.456	26.5
3.450	22.4
3.445	17.3
3.440	12.8
3.434	9.6
3.429	7.2
3.424	5.6
3.418	4.6
3.413	4.0
3.408	3.6
3.402	3.6
3.397	3.5
3.392	3.5
3.386	3.5
3.381	3.6
3.376	4.0
3.370	4.8
3.365	6.4
3.360	11.2
3.354	18.5
3.349	24.1
3.344	25.7
3.338	24.0
3.333	19.6
3.328	14.8
3.322	10.8
3.317	8.1
3.312	6.3
3.306	5.2
3.301	4.4
3.296	4.0
3.291	3.6
3.285	3.2
3.280	3.2
3.275	3.2
3.269	3.2
3.264	3.4
3.259	3.8
3.253	4.3
3.248	5.9
3.243	9.9
3.237	17.5
3.232	24.6
3.227	27.2
3.221	25.5
3.216	21.2
3.211	16.4
3.205	12.4
3.200	9.3
3.195	7.1
3.189	5.8
3.184	4.9
3.179	4.4
3.173	4.0
3.168	3.7
3.163	3.6
3.157	3.6
3.152	3.6
3.147	3.8
3.141	4.0
3.136	4.4
3.131	5.2
3.125	7.2
3.120	11.7
3.115	19.3
3.109	26.6
3.104	29.7
3.099	27.6
3.093	22.8
3.088	17.6
3.083	13.5
3.077	10.2
3.072	7.9
3.067	6.3
3.061	5.2
3.056	4.8
3.051	4.4
3.045	4.0
3.040	4.0
3.035	4.0
3.029	4.0
3.024	4.0
3.019	4.0
3.013	4.3
3.008	4.7
3.003	5.6
2.997	7.9
2.992	13.2
2.987	21.5
2.981	28.5
2.976	31.1
2.971	28.9
2.965	24.0
2.960	18.8
2.955	14.3
2.949	10.8
2.944	8.4
2.939	6.4
2.933	5.6
2.928	4.8
2.923	4.4
2.917	4.0
2.912	4.0
2.907	3.8
2.901	3.8
2.896	3.8
2.891	3.9
2.885	4.0
2.880	4.4
2.875	4.8
2.869	6.0
2.864	8.4
2.859	13.5
2.853	21.5
2.848	28.8
2.843	32.0
2.837	30.4
2.832	25.9
2.827	20.5
2.821	15.6
2.816	11.9
2.811	9.1
2.805	7.2
2.800	6.0
2.795	5.2
2.789	4.6
2.784	4.2
2.779	3.9
2.773	3.6
2.768	3.6
2.763	3.6
2.757	3.6
2.752	3.8
2.747	4.0
2.741	4.4
2.736	4.9
2.731	5.7
2.725	7.6
2.720	12.0
2.715	19.4
2.709	26.5
2.704	30.7
2.699	31.2
2.693	28.5
2.688	23.1
2.683	17.9
2.677	13.6
2.672	10.4
2.667	8.3
2.661	6.6
2.656	5.6
2.651	4.8
2.645	4.4
2.640	4.0
2.635	4.0
2.629	3.7
2.624	3.6
2.619	3.6
2.613	3.6
2.608	3.6
2.602	3.9
2.597	4.0
2.592	4.4
2.586	5.1
2.581	6.2
2.576	8.4
2.570	13.1
2.565	20.7
2.560	28.6
2.554	33.1
2.549	33.2
2.544	29.6
2.538	24.5
2.533	19.3
2.528	14.8
2.522	11.2
2.517	8.8
2.512	7.1
2.506	5.9
2.501	5.1
2.496	4.7
2.490	4.3
2.485	4.0
2.480	3.7
2.474	3.6
2.469	3.6
2.464	3.6
2.458	3.6
2.453	3.6
2.448	3.6
2.442	4.0
2.437	4.4
2.432	4.8
2.426	5.6
2.421	7.2
2.416	10.4
2.410	16.1
2.405	23.7
2.400	30.5
2.394	34.0
2.389	33.2
2.384	29.3
2.378	24.1
2.373	18.9
2.368	14.6
2.362	11.2
2.357	8.8
2.352	7.2
2.346	6.0
2.341	5.2
2.336	4.8
2.330	4.4
2.325	4.1
2.320	3.9
2.314	3.8
2.309	3.6
2.304	3.6
2.298	3.6
2.293	3.6
2.288	3.6
2.282	3.6
2.277	3.8
2.272	4.1
2.266	4.5
2.261	5.2
2.256	6.0
2.250	7.2
2.245	10.0
2.240	15.3
2.234	23.2
2.229	31.1
2.223	34.8
2.218	34.3
2.213	30.4
2.207	25.2
2.202	19.6
2.197	15.2
2.191	11.7
2.186	9.3
2.181	7.6
2.175	6.3
2.170	5.5
2.165	4.9
2.159	4.5
2.154	4.4
2.149	4.1
2.143	4.0
2.138	3.9
2.133	3.9
2.127	3.7
2.122	3.7
2.117	3.6
2.111	3.6
2.106	3.7
2.101	4.0
2.095	4.0
2.090	4.4
2.085	4.7
2.079	5.3
2.074	6.2
2.069	7.8
2.063	10.4
2.058	14.9
2.053	21.6
2.047	29.1
2.042	34.7
2.037	36.7
2.031	34.7
2.026	30.2
2.021	24.8
2.015	19.6
2.010	15.2
2.005	12.1
1.999	9.7
1.994	8.0
1.989	6.8
1.983	5.9
1.978	5.2
1.972	4.8
1.967	4.4
1.962	4.2
1.956	3.9
1.951	3.8
1.946	3.6
1.940	3.6
1.935	3.6
1.930	3.6
1.924	3.6
1.919	3.6
1.914	3.6
1.908	3.9
1.903	4.0
1.898	4.1
1.892	4.4
1.887	4.7
1.882	5.2
1.876	6.0
1.871	6.8
1.866	8.4
1.860	10.8
1.855	15.2
1.850	21.2
1.844	28.4
1.839	34.3
1.834	37.2
1.828	36.4
1.823	32.8
1.818	27.9
1.812	22.8
1.807	18.2
1.802	14.6
1.796	11.7
1.791	9.6
1.786	8.1
1.780	7.1
1.775	6.3
1.769	5.5
1.764	5.1
1.759	4.8
1.753	4.4
1.748	4.4
1.743	4.3
1.737	4.2
1.732	4.0
1.727	4.0
1.721	4.0
1.716	4.0
1.711	4.0
1.705	3.9
1.700	4.0
1.695	4.0
1.689	4.0
1.684	4.0
1.679	4.0
1.673	4.4
1.668	4.4
1.663	4.8
1.657	5.2
1.652	6.0
1.647	6.8
1.641	8.0
1.636	9.7
1.631	12.4
1.625	16.5
1.620	22.5
1.615	29.6
1.609	36.2
1.604	40.0
1.599	40.4
1.593	37.5
1.588	32.8
1.582	27.6
1.577	22.4
1.572	18.1
1.566	14.6
1.561	12.0
1.556	10.0
1.550	8.4
1.545	7.5
1.540	6.7
1.534	6.2
1.529	5.7
1.524	5.3
1.518	4.9
1.513	4.8
1.508	4.6
1.502	4.4
1.497	4.4
1.492	4.4
1.486	4.2
1.481	4.1
1.476	4.0
1.470	4.0
1.465	4.0
1.460	4.0
1.454	4.0
1.449	4.0
1.444	4.0
1.438	4.0
1.433	4.0
1.428	4.3
1.422	4.4
1.417	4.4
1.411	4.7
1.406	5.1
1.401	5.5
1.395	6.0
1.390	6.4
1.385	7.2
1.379	8.0
1.374	9.2
1.369	11.0
1.363	13.4
1.358	16.6
1.353	21.0
1.347	26.6
1.342	33.1
1.337	39.2
1.331	42.8
1.326	43.2
1.321	40.5
1.315	35.8
1.310	30.6
1.305	25.6
1.299	21.2
1.294	17.6
1.289	14.8
1.283	12.4
1.278	10.5
1.273	9.2
1.267	8.3
1.262	7.5
1.256	6.8
1.251	6.3
1.246	5.9
1.240	5.5
1.235	5.2
1.230	4.8
1.224	4.8
1.219	4.8
1.214	4.7
1.208	4.4
1.203	4.4
1.198	4.4
1.192	4.4
1.187	4.4
1.182	4.3
1.176	4.1
1.171	4.1
1.166	4.0
1.160	4.0
1.155	4.0
1.150	4.0
1.144	4.0
1.139	4.0
1.134	4.0
1.128	4.0
1.123	4.0
1.118	4.0
1.112	4.0
1.107	4.3
1.101	4.4
1.096	4.4
1.091	4.6
1.085	5.0
1.080	5.3
1.075	5.7
1.069	6.0
1.064	6.4
1.059	6.8
1.053	7.4
1.048	8.0
1.043	8.8
1.037	9.9
1.032	11.4
1.027	13.3
1.021	15.8
1.016	19.0
1.011	23.0
1.005	27.8
1.000	33.3
0.995	38.6
0.989	43.1
0.984	45.6
0.979	46.0
0.973	44.4
0.968	41.4
0.962	37.5
0.957	33.2
0.952	28.4
0.946	24.0
0.941	20.4
0.936	17.9
0.930	15.7
0.925	13.8
0.920	12.1
0.914	10.7
0.909	9.1
0.904	7.9
0.898	6.9
0.893	6.3
0.888	5.9
0.882	5.7
0.877	5.7
0.872	5.7
0.866	5.7
0.861	5.6
0.856	5.5
0.850	5.2
0.845	4.8
0.840	4.8
0.834	4.8
0.829	4.8
0.823	4.7
0.818	4.6
0.813	4.4
0.807	4.4
0.802	4.4
0.797	4.4
0.791	4.4
0.786	4.4
0.781	4.4
0.775	4.3
0.770	4.2
0.765	4.2
0.759	4.1
0.754	4.1
0.749	4.0
0.743	4.0
0.738	4.0
0.733	4.0
0.727	4.0
0.722	4.0
0.717	4.0
0.711	4.0
0.706	4.0
0.701	4.0
0.695	4.0
0.690	4.0
0.684	4.0
0.679	4.0
0.674	4.0
0.668	4.0
0.663	4.0
0.658	4.1
0.652	4.1
0.647	4.3
0.642	4.4
0.636	4.4
0.631	4.4
0.626	4.4
0.620	4.4
0.615	4.5
0.610	4.6
0.604	4.8
0.599	4.9
0.594	5.2
0.588	5.2
0.583	5.5
0.578	5.6
0.572	6.0
0.567	6.0
0.561	6.4
0.556	6.8
0.551	7.1
0.545	7.2
0.540	7.6
0.535	8.0
0.529	8.4
0.524	8.8
0.519	9.2
0.513	9.7
0.508	10.4
0.503	11.0
0.497	11.7
0.492	12.3
0.487	13.0
0.481	13.9
0.476	15.3
0.471	16.8
0.465	18.1
0.460	19.7
0.455	21.4
0.449	23.3
0.444	25.3
0.438	27.2
0.433	29.2
0.428	31.3
0.422	33.7
0.417	36.0
0.412	38.3
0.406	40.4
0.401	42.1
0.396	43.6
0.390	44.8
0.385	45.6
0.380	46.0
0.374	46.0
0.369	45.9
0.364	45.2
0.358	44.2
0.353	43.3
0.348	42.3
0.342	41.3
0.337	40.3
0.332	39.1
0.326	37.8
0.321	36.4
0.316	34.8
0.310	33.3
0.305	31.8
0.299	30.4
0.294	29.2
0.289	27.8
0.283	26.5
0.278	25.2
0.273	24.0
0.267	23.0
0.262	21.9
0.257	21.0
0.251	20.3
0.246	19.6
0.241	18.9
0.235	18.2
0.230	17.6
0.225	17.2
0.219	16.8
0.214	16.1
0.209	15.6
0.203	15.2
0.198	14.8
0.193	14.4
0.187	14.1
0.182	13.7
0.176	13.6
0.171	13.2
0.166	12.9
0.160	12.7
0.155	12.4
0.150	12.2
0.144	12.1
0.139	12.0
0.134	11.9
0.128	11.5
0.123	11.3
0.118	11.2
0.112	11.2
0.107	11.2
0.102	11.2
0.096	11.0
0.091	10.9
0.086	10.8
0.080	10.8
0.075	10.8
0.070	10.8
0.064	10.8
0.059	10.8
0.053	10.8
0.048	10.7
0.043	10.7
0.037	10.7
0.032	10.6
0.027	10.6
0.021	10.6
0.016	10.6
0.011	10.6
0.005	10.7
0.000	10.8
-0.005	10.8
-0.011	10.8
-0.016	10.8
-0.021	10.8
-0.027	10.8
-0.032	10.8
-0.037	11.1
-0.043	11.3
-0.048	11.5
-0.053	11.6
-0.059	11.7
-0.064	12.0
-0.070	12.1
-0.075	12.3
-0.080	12.4
-0.086	12.7
-0.091	12.8
-0.096	12.9
-0.102	13.2
-0.107	13.3
-0.112	13.3
-0.118	13.3
-0.123	13.6
-0.128	14.0
-0.134	14.8
-0.139	15.3
-0.144	15.7
-0.150	16.1
-0.155	16.5
-0.160	16.9
-0.166	17.5
-0.171	18.0
-0.176	18.7
-0.182	19.3
-0.187	20.1
-0.193	20.8
-0.198	21.6
-0.203	22.2
-0.209	23.0
-0.214	24.2
-0.219	25.4
-0.225	26.6
-0.230	27.7
-0.235	28.9
-0.241	30.0
-0.246	31.2
-0.251	32.4
-0.257	33.7
-0.262	35.1
-0.267	36.4
-0.273	37.4
-0.278	37.9
-0.283	38.8
-0.289	40.2
-0.294	41.9
-0.299	42.7
-0.305	43.4
-0.310	43.9
-0.316	44.5
-0.321	44.8
-0.326	44.8
-0.332	44.8
-0.337	44.4
-0.342	43.6
-0.348	42.9
-0.353	41.7
-0.358	40.4
-0.364	38.8
-0.369	37.3
-0.374	35.6
-0.380	34.0
-0.385	32.0
-0.390	30.4
-0.396	28.4
-0.401	26.4
-0.406	24.7
-0.412	23.1
-0.417	21.3
-0.422	19.7
-0.428	18.4
-0.433	17.1
-0.438	15.8
-0.444	14.6
-0.449	13.6
-0.455	12.7
-0.460	11.8
-0.465	11.0
-0.471	10.2
-0.476	9.5
-0.481	8.9
-0.487	8.4
-0.492	7.6
-0.497	7.2
-0.503	6.8
-0.508	6.7
-0.513	6.4
-0.519	6.4
-0.524	6.1
-0.529	6.0
-0.535	5.7
-0.540	5.6
-0.545	5.2
-0.551	4.9
-0.556	4.8
-0.561	4.8
-0.567	4.8
-0.572	4.8
-0.578	4.7
-0.583	4.6
-0.588	4.4
-0.594	4.4
-0.599	4.4
-0.604	4.4
-0.610	4.4
-0.615	4.3
-0.620	4.1
-0.626	4.1
-0.631	4.0
-0.636	4.0
-0.642	4.0
-0.647	4.0
-0.652	4.0
-0.658	4.0
-0.663	4.0
-0.668	4.0
-0.674	4.0
-0.679	4.0
-0.684	4.0
-0.690	4.0
-0.695	4.0
-0.701	4.0
-0.706	4.0
-0.711	4.0
-0.717	4.0
-0.722	4.0
-0.727	4.0
-0.733	4.0
-0.738	4.0
-0.743	4.1
-0.749	4.2
-0.754	4.4
-0.759	4.4
-0.765	4.4
-0.770	4.4
-0.775	4.5
-0.781	4.7
-0.786	5.0
-0.791	5.2
-0.797	5.4
-0.802	5.6
-0.807	6.0
-0.813	6.2
-0.818	6.6
-0.823	7.0
-0.829	7.4
-0.834	7.9
-0.840	8.6
-0.845	9.2
-0.850	10.0
-0.856	10.8
-0.861	12.0
-0.866	13.2
-0.872	14.8
-0.877	16.4
-0.882	18.4
-0.888	20.8
-0.893	23.3
-0.898	26.1
-0.904	28.7
-0.909	31.1
-0.914	33.1
-0.920	34.4
-0.925	34.8
-0.930	34.8
-0.936	33.5
-0.941	31.6
-0.946	29.6
-0.952	27.7
-0.957	25.5
-0.962	22.8
-0.968	20.0
-0.973	17.6
-0.979	15.3
-0.984	13.2
-0.989	11.6
-0.995	10.1
-1.000	8.9
-1.005	8.0
-1.011	7.2
-1.016	6.5
-1.021	6.0
-1.027	5.6
-1.032	5.2
-1.037	4.8
-1.043	4.8
-1.048	4.7
-1.053	4.6
-1.059	4.4
-1.064	4.4
-1.069	4.4
-1.075	4.4
-1.080	4.2
-1.085	4.2
-1.091	4.1
-1.096	4.1
-1.101	4.1
-1.107	4.1
-1.112	4.1
-1.118	4.1
-1.123	4.1
-1.128	4.1
-1.134	4.2
-1.139	4.4
-1.144	4.4
-1.150	4.4
-1.155	4.4
-1.160	4.5
-1.166	4.8
-1.171	5.2
-1.176	5.6
-1.182	5.9
-1.187	6.3
-1.192	6.7
-1.198	7.2
-1.203	7.6
-1.208	8.2
-1.214	9.0
-1.219	10.0
-1.224	11.2
-1.230	12.8
-1.235	14.9
-1.240	17.5
-1.246	20.4
-1.251	23.6
-1.256	26.7
-1.262	29.1
-1.267	30.8
-1.273	31.6
-1.278	31.3
-1.283	30.3
-1.289	28.5
-1.294	26.0
-1.299	23.2
-1.305	20.0
-1.310	17.2
-1.315	14.6
-1.321	12.4
-1.326	10.4
-1.331	8.8
-1.337	7.6
-1.342	6.7
-1.347	5.9
-1.353	5.3
-1.358	4.9
-1.363	4.8
-1.369	4.5
-1.374	4.4
-1.379	4.4
-1.385	4.4
-1.390	4.3
-1.395	4.3
-1.401	4.3
-1.406	4.3
-1.411	4.3
-1.417	4.3
-1.422	4.4
-1.428	4.4
-1.433	4.4
-1.438	4.4
-1.444	4.4
-1.449	4.7
-1.454	4.8
-1.460	5.2
-1.465	5.4
-1.470	5.7
-1.476	6.1
-1.481	6.5
-1.486	7.2
-1.492	8.0
-1.497	9.2
-1.502	10.5
-1.508	12.4
-1.513	14.4
-1.518	16.8
-1.524	19.9
-1.529	23.1
-1.534	26.5
-1.540	28.4
-1.545	29.2
-1.550	29.2
-1.556	27.6
-1.561	25.2
-1.566	22.3
-1.572	19.2
-1.577	16.2
-1.582	13.6
-1.588	11.4
-1.593	9.4
-1.599	7.9
-1.604	6.7
-1.609	5.9
-1.615	5.2
-1.620	4.8
-1.625	4.4
-1.631	4.4
-1.636	4.4
-1.641	4.4
-1.647	4.4
-1.652	4.4
-1.657	4.4
-1.663	4.4
-1.668	4.4
-1.673	4.4
-1.679	4.4
-1.684	4.4
-1.689	4.5
-1.695	4.8
-1.700	5.2
-1.705	5.5
-1.711	5.7
-1.716	6.1
-1.721	6.8
-1.727	7.6
-1.732	8.8
-1.737	10.4
-1.743	12.4
-1.748	14.8
-1.753	18.0
-1.759	21.6
-1.764	24.4
-1.769	25.7
-1.775	26.1
-1.780	26.0
-1.786	25.2
-1.791	23.5
-1.796	20.9
-1.802	17.9
-1.807	14.9
-1.812	12.4
-1.818	10.0
-1.823	8.4
-1.828	7.0
-1.834	6.0
-1.839	5.2
-1.844	4.8
-1.850	4.7
-1.855	4.6
-1.860	4.4
-1.866	4.4
-1.871	4.4
-1.876	4.4
-1.882	4.4
-1.887	4.4
-1.892	4.4
-1.898	4.4
-1.903	4.4
-1.908	4.7
-1.914	5.0
-1.919	5.4
-1.924	5.9
-1.930	6.7
-1.935	7.6
-1.940	9.0
-1.946	10.8
-1.951	13.1
-1.956	16.1
-1.962	19.6
-1.967	23.2
-1.972	26.0
-1.978	27.6
-1.983	27.5
-1.989	26.0
-1.994	23.6
-1.999	20.4
-2.005	17.1
-2.010	13.9
-2.015	11.2
-2.021	9.0
-2.026	7.4
-2.031	6.1
-2.037	5.3
-2.042	4.9
-2.047	4.5
-2.053	4.4
-2.058	4.4
-2.063	4.4
-2.069	4.4
-2.074	4.4
-2.079	4.4
-2.085	4.4
-2.090	4.4
-2.095	4.4
-2.101	4.6
-2.106	5.0
-2.111	5.6
-2.117	6.3
-2.122	7.2
-2.127	8.4
-2.133	10.4
-2.138	13.0
-2.143	16.4
-2.149	20.0
-2.154	23.6
-2.159	26.0
-2.165	26.9
-2.170	26.4
-2.175	24.4
-2.181	21.4
-2.186	17.8
-2.191	14.3
-2.197	11.3
-2.202	8.9
-2.207	7.2
-2.213	6.0
-2.218	5.2
-2.223	4.8
-2.229	4.4
-2.234	4.4
-2.240	4.3
-2.245	4.0
-2.250	4.0
-2.256	4.0
-2.261	4.0
-2.266	4.1
-2.272	4.4
-2.277	4.6
-2.282	5.1
-2.288	5.7
-2.293	6.5
-2.298	8.0
-2.304	10.0
-2.309	12.6
-2.314	16.1
-2.320	20.0
-2.325	23.6
-2.330	26.0
-2.336	26.8
-2.341	25.6
-2.346	22.8
-2.352	19.2
-2.357	15.6
-2.362	12.2
-2.368	9.6
-2.373	7.6
-2.378	6.2
-2.384	5.4
-2.389	4.8
-2.394	4.4
-2.400	4.4
-2.405	4.3
-2.410	4.2
-2.416	4.1
-2.421	4.1
-2.426	4.1
-2.432	4.4
-2.437	4.4
-2.442	4.8
-2.448	5.6
-2.453	6.4
-2.458	7.9
-2.464	10.0
-2.469	12.8
-2.474	16.3
-2.480	20.1
-2.485	24.0
-2.490	26.0
-2.496	25.6
-2.501	23.2
-2.506	20.0
-2.512	16.3
-2.517	12.8
-2.522	10.0
-2.528	7.8
-2.533	6.2
-2.538	5.3
-2.544	4.8
-2.549	4.4
-2.554	4.0
-2.560	4.0
-2.565	4.0
-2.570	4.0
-2.576	4.0
-2.581	4.0
-2.586	4.4
-2.592	4.7
-2.597	5.2
-2.602	6.1
-2.608	7.3
-2.613	9.2
-2.619	12.0
-2.624	15.8
-2.629	19.8
-2.635	23.0
-2.640	24.7
-2.645	24.5
-2.651	22.2
-2.656	18.6
-2.661	14.7
-2.667	11.2
-2.672	8.4
-2.677	6.4
-2.683	5.2
-2.688	4.4
-2.693	4.0
-2.699	3.6
-2.704	3.6
-2.709	3.6
-2.715	3.6
-2.720	3.7
-2.725	3.9
-2.731	4.3
-2.736	4.8
-2.741	5.6
-2.747	6.6
-2.752	8.2
-2.757	10.6
-2.763	13.9
-2.768	17.9
-2.773	21.2
-2.779	23.2
-2.784	23.5
-2.789	21.6
-2.795	18.4
-2.800	14.4
-2.805	10.8
-2.811	8.0
-2.816	6.4
-2.821	5.2
-2.827	4.4
-2.832	4.0
-2.837	3.6
-2.843	3.6
-2.848	3.6
-2.853	3.6
-2.859	3.8
-2.864	4.0
-2.869	4.4
-2.875	4.8
-2.880	6.0
-2.885	7.3
-2.891	9.7
-2.896	12.8
-2.901	16.8
-2.907	20.6
-2.912	22.7
-2.917	22.7
-2.923	20.6
-2.928	17.1
-2.933	13.2
-2.939	9.6
-2.944	7.2
-2.949	5.6
-2.955	4.8
-2.960	4.1
-2.965	3.7
-2.971	3.6
-2.976	3.6
-2.981	3.6
-2.987	3.8
-2.992	4.0
-2.997	4.4
-3.003	5.1
-3.008	6.1
-3.013	7.7
-3.019	10.1
-3.024	13.6
-3.029	18.1
-3.035	22.3
-3.040	24.7
-3.045	23.5
-3.051	20.4
-3.056	16.0
-3.061	12.0
-3.067	8.7
-3.072	6.6
-3.077	5.2
-3.083	4.4
-3.088	4.0
-3.093	3.6
-3.099	3.6
-3.104	3.6
-3.109	3.7
-3.115	4.0
-3.120	4.4
-3.125	4.9
-3.131	5.8
-3.136	7.5
-3.141	9.9
-3.147	13.8
-3.152	18.6
-3.157	22.5
-3.163	24.4
-3.168	23.6
-3.173	20.1
-3.179	15.2
-3.184	10.8
-3.189	7.7
-3.195	6.0
-3.200	5.0
-3.205	4.3
-3.211	4.0
-3.216	3.7
-3.221	3.7
-3.227	3.8
-3.232	4.0
-3.237	4.4
-3.243	4.9
-3.248	5.8
-3.253	7.3
-3.259	9.6
-3.264	13.2
-3.269	18.1
-3.275	22.7
-3.280	23.0
-3.285	19.8
-3.291	15.4
-3.296	11.4
-3.301	8.3
-3.306	6.4
-3.312	5.2
-3.317	4.4
-3.322	4.0
-3.328	3.6
-3.333	3.6
-3.338	3.6
-3.344	3.9
-3.349	4.1
-3.354	4.5
-3.360	5.3
-3.365	6.5
-3.370	8.6
-3.376	11.8
-3.381	16.2
-3.386	21.2
-3.392	24.4
-3.397	23.8
-3.402	19.1
-3.408	13.5
-3.413	9.4
-3.418	6.8
-3.424	5.4
-3.429	4.4
-3.434	4.0
-3.440	3.6
-3.445	3.6
-3.450	3.6
-3.456	3.7
-3.461	4.0
-3.466	4.4
-3.472	5.3
-3.477	6.9
-3.482	9.7
-3.488	13.9
-3.493	19.0
-3.498	23.1
-3.504	23.5
-3.509	19.9
-3.514	14.2
-3.520	9.8
-3.525	7.1
-3.530	5.5
-3.536	4.4
-3.541	4.0
-3.546	3.6
-3.552	3.6
-3.557	3.6
-3.562	3.6
-3.568	4.0
-3.573	4.4
-3.578	5.2
-3.584	6.8
-3.589	9.6
-3.594	14.2
-3.600	20.0
-3.605	24.8
-3.610	24.0
-3.616	18.1
-3.621	12.3
-3.626	8.4
-3.632	6.0
-3.637	4.8
-3.642	4.0
-3.647	3.6
-3.653	3.3
-3.658	3.3
-3.663	3.3
-3.669	3.6
-3.674	4.0
-3.679	4.8
-3.685	6.2
-3.690	8.6
-3.695	12.8
-3.701	18.9
-3.706	24.6
-3.711	24.4
-3.717	18.3
-3.722	12.4
-3.727	8.4
-3.733	6.0
-3.738	4.8
-3.743	4.0
-3.749	3.6
-3.754	3.3
-3.759	3.3
-3.765	3.3
-3.770	3.6
-3.775	4.0
-3.781	4.9
-3.786	6.6
-3.791	9.4
-3.797	14.3
-3.802	20.9
-3.807	24.9
-3.813	20.8
-3.818	14.4
-3.823	9.6
-3.829	6.8
-3.834	5.2
-3.839	4.4
-3.844	3.6
-3.850	3.2
-3.855	3.2
-3.860	3.2
-3.866	3.3
-3.871	3.7
-3.876	4.5
-3.882	6.0
-3.887	8.8
-3.892	14.1
-3.898	21.6
-3.903	25.8
-3.908	20.9
-3.914	14.1
-3.919	9.3
-3.924	6.4
-3.930	4.8
-3.935	4.0
-3.940	3.5
-3.946	3.1
-3.951	3.1
-3.956	3.1
-3.962	3.2
-3.967	3.6
-3.972	4.4
-3.978	6.1
-3.983	10.0
-3.988	16.8
-3.994	24.4
-3.999	24.0
-4.004	17.3
-4.009	11.6
-4.015	8.0
-4.020	5.6
-4.025	4.4
-4.031	3.6
-4.036	3.2
-4.041	3.2
-4.047	3.1
-4.052	3.2
-4.057	3.6
-4.063	4.1
-4.068	5.7
-4.073	9.2
-4.079	15.6
-4.084	22.9
-4.089	22.9
-4.095	16.8
-4.100	11.2
-4.105	7.6
-4.111	5.6
-4.116	4.4
-4.121	3.6
-4.127	3.2
-4.132	3.2
-4.137	3.2
-4.143	3.2
-4.148	3.6
-4.153	4.4
-4.158	6.0
-4.164	10.0
-4.169	17.1
-4.174	23.8
-4.180	21.5
-4.185	15.1
-4.190	10.0
-4.196	6.8
-4.201	5.1
-4.206	4.3
-4.212	3.5
-4.217	3.1
-4.222	3.0
-4.228	3.0
-4.233	3.3
-4.238	3.7
-4.244	4.9
-4.249	7.8
-4.254	14.0
-4.260	21.5
-4.265	21.9
-4.270	16.1
-4.275	10.9
-4.281	7.5
-4.286	5.5
-4.291	4.4
-4.297	3.6
-4.302	3.1
-4.307	2.9
-4.313	2.9
-4.318	3.2
-4.323	3.7
-4.329	4.8
-4.334	7.2
-4.339	12.8
-4.345	19.7
-4.350	20.4
-4.355	15.2
-4.361	10.4
-4.366	7.2
-4.371	5.2
-4.377	4.0
-4.382	3.0
-4.387	2.6
-4.392	2.6
-4.398	2.7
-4.403	3.1
-4.408	3.6
-4.414	5.2
-4.419	8.8
-4.424	14.8
-4.430	19.3
-4.435	17.2
-4.440	12.3
-4.446	8.4
-4.451	6.0
-4.456	4.4
-4.462	3.5
-4.467	2.9
-4.472	2.7
-4.478	2.8
-4.483	2.8
-4.488	3.2
-4.493	4.0
-4.499	6.0
-4.504	10.0
-4.509	14.9
-4.515	16.0
-4.520	12.4
-4.525	8.4
-4.531	6.0
-4.536	4.4
-4.541	3.4
-4.547	2.8
-4.552	2.4
-4.557	2.4
-4.563	2.4
-4.568	2.8
-4.573	3.6
-4.578	5.6
-4.584	9.2
-4.589	12.8
-4.594	13.6
-4.600	10.8
-4.605	7.6
-4.610	5.3
-4.616	4.1
-4.621	3.1
-4.626	2.7
-4.632	2.4
-4.637	2.4
-4.642	2.4
-4.648	2.8
-4.653	3.6
-4.658	5.6
-4.663	8.8
-4.669	11.6
-4.674	11.3
-4.679	8.9
-4.685	6.4
-4.690	4.7
-4.695	3.5
-4.701	2.8
-4.706	2.2
-4.711	2.0
-4.717	2.0
-4.722	2.1
-4.727	2.5
-4.733	3.3
-4.738	5.1
-4.743	7.6
-4.748	9.2
-4.754	8.4
-4.759	6.4
-4.764	4.8
-4.770	3.6
-4.775	2.8
-4.780	2.3
-4.786	2.0
-4.791	1.8
-4.796	1.9
-4.802	2.0
-4.807	2.7
-4.812	3.8
-4.818	5.6
-4.823	7.1
-4.828	7.0
-4.833	5.8
-4.839	4.4
-4.844	3.2
-4.849	2.4
-4.855	2.0
-4.860	1.6
-4.865	1.6
-4.871	1.6
-4.876	1.6
-4.881	2.1
-4.887	2.9
-4.892	4.1
-4.897	5.1
-4.902	5.2
-4.908	4.4
-4.913	3.2
-4.918	2.4
-4.924	2.0
-4.929	1.6
-4.934	1.5
-4.940	1.3
-4.945	1.3
-4.950	1.4
-4.956	1.8
-4.961	2.4
-4.966	3.2
-4.971	3.6
-4.977	3.6
-4.982	3.2
-4.987	2.5
-4.993	2.0
-4.998	1.6
-5.003	1.2
-5.009	1.2
-5.014	1.2
-5.019	1.2
-5.025	1.2
-5.030	1.5
-5.035	1.9
-5.040	2.2
-5.046	2.3
-5.051	2.3
-5.056	2.0
-5.062	1.6
-5.067	1.2
-5.072	1.2
-5.078	0.9
-5.083	0.9
-5.088	0.8
-5.094	0.8
-5.099	0.8
-5.104	0.9
-5.109	1.2
-5.115	1.2
-5.120	1.2
-5.125	1.2
-5.131	1.1
-5.136	0.9
-5.141	0.8
-5.147	0.8
-5.152	0.8
-5.157	0.8
-5.162	0.8
-5.168	0.8
-5.173	0.8
-5.178	0.8
-5.184	0.8
-5.189	0.8
-5.194	0.8
-5.200	0.8
-5.205	0.7
-5.210	0.5
-5.216	0.5
-5.221	0.4
-5.226	0.4
-5.231	0.4
-5.237	0.4
-5.242	0.4
-5.247	0.4
-5.253	0.4
-5.258	0.4
-5.263	0.4
-5.269	0.4
-5.274	0.4
-5.279	0.4
-5.284	0.4
-5.290	0.4
-5.295	0.4
-5.300	0.4
-5.306	0.4
-5.311	0.4
-5.316	0.4
-5.322	0.4
-5.327	0.4
-5.332	0.4
-5.337	0.4
-5.343	0.4
-5.348	0.4
-5.353	0.4
-5.359	0.4
-5.364	0.4
-5.369	0.4
-5.375	0.4
-5.380	0.4
-5.385	0.4
-5.390	0.4
-5.396	0.4
-5.401	0.4
-5.406	0.4
-5.412	0.4
-5.417	0.4
-5.422	0.4
-5.428	0.4
-5.433	0.4
-5.438	0.4
-5.443	0.4
-5.449	0.4
-5.454	0.4
