&a / °	I1 / %
5.459	0.2
5.454	0.2
5.449	0.2
5.443	0.2
5.438	0.1
5.433	0.1
5.428	0.1
5.422	0.1
5.417	0.1
5.412	0.1
5.406	0.1
5.401	0.1
5.396	0.1
5.390	0.1
5.385	0.1
5.380	0.1
5.375	0.1
5.369	0.1
5.364	0.1
5.359	0.1
5.353	0.1
5.348	0.1
5.343	0.1
5.337	0.1
5.332	0.1
5.327	0.1
5.322	0.1
5.316	0.1
5.311	0.1
5.306	0.1
5.300	0.1
5.295	0.1
5.290	0.1
5.284	0.2
5.279	0.2
5.274	0.2
5.269	0.2
5.263	0.3
5.258	0.3
5.253	0.3
5.247	0.3
5.242	0.3
5.237	0.3
5.231	0.3
5.226	0.3
5.221	0.4
5.216	0.4
5.210	0.4
5.205	0.4
5.200	0.4
5.194	0.4
5.189	0.4
5.184	0.4
5.178	0.4
5.173	0.4
5.168	0.4
5.162	0.4
5.157	0.4
5.152	0.4
5.147	0.4
5.141	0.4
5.136	0.4
5.131	0.4
5.125	0.4
5.120	0.4
5.115	0.4
5.109	0.4
5.104	0.4
5.099	0.4
5.094	0.4
5.088	0.4
5.083	0.7
5.078	0.8
5.072	0.8
5.067	0.8
5.062	0.8
5.056	0.8
5.051	0.8
5.046	0.8
5.040	0.8
5.035	0.8
5.030	0.8
5.025	0.8
5.019	0.8
5.014	1.0
5.009	1.3
5.003	1.5
4.998	1.6
4.993	1.6
4.987	1.6
4.982	1.6
4.977	1.6
4.971	1.7
4.966	1.7
4.961	1.7
4.956	1.7
4.950	1.7
4.945	1.7
4.940	1.9
4.934	2.2
4.929	2.5
4.924	2.8
4.918	2.9
4.913	3.2
4.908	3.2
4.902	3.2
4.897	3.2
4.892	3.2
4.887	3.0
4.881	2.7
4.876	2.3
4.871	2.3
4.865	2.6
4.860	3.2
4.855	3.6
4.849	4.0
4.844	4.4
4.839	4.8
4.833	5.1
4.828	5.1
4.823	4.7
4.818	4.5
4.812	4.2
4.807	3.8
4.802	3.3
4.796	3.2
4.791	3.3
4.786	3.7
4.780	4.5
4.775	5.3
4.770	5.7
4.764	6.5
4.759	7.0
4.754	7.3
4.748	7.0
4.743	6.9
4.738	6.5
4.733	5.8
4.727	4.9
4.722	4.1
4.717	3.7
4.711	4.0
4.706	4.6
4.701	5.6
4.695	6.4
4.690	7.3
4.685	8.5
4.679	9.7
4.674	9.8
4.669	9.1
4.663	8.6
4.658	8.6
4.653	7.8
4.648	6.6
4.642	5.3
4.637	4.5
4.632	4.5
4.626	5.7
4.621	7.1
4.616	8.3
4.610	9.1
4.605	10.1
4.600	11.7
4.594	12.4
4.589	11.6
4.584	10.8
4.578	10.6
4.573	10.2
4.568	8.7
4.563	7.1
4.557	5.7
4.552	5.2
4.547	5.7
4.541	7.2
4.536	8.9
4.531	10.0
4.525	11.0
4.520	13.1
4.515	14.7
4.509	14.2
4.504	12.4
4.499	11.7
4.493	12.0
4.488	11.2
4.483	9.2
4.478	7.2
4.472	5.9
4.467	5.6
4.462	6.4
4.456	8.6
4.451	10.8
4.446	11.9
4.440	12.7
4.435	15.2
4.430	17.7
4.424	17.2
4.419	15.2
4.414	14.3
4.408	14.2
4.403	13.0
4.398	10.3
4.392	7.9
4.387	6.4
4.382	6.0
4.377	6.6
4.371	8.9
4.366	11.6
4.361	12.8
4.355	13.3
4.350	15.7
4.345	19.3
4.339	19.7
4.334	17.2
4.329	15.6
4.323	15.5
4.318	14.6
4.313	11.9
4.307	9.1
4.302	7.2
4.297	6.4
4.291	6.4
4.286	8.1
4.281	11.3
4.275	13.7
4.270	14.1
4.265	14.7
4.260	18.3
4.254	21.3
4.249	19.9
4.244	17.2
4.238	16.6
4.233	17.0
4.228	15.2
4.222	12.0
4.217	9.2
4.212	7.5
4.206	6.7
4.201	6.7
4.196	8.6
4.190	12.2
4.185	14.5
4.180	14.9
4.174	15.6
4.169	18.7
4.164	21.4
4.158	20.3
4.153	18.1
4.148	17.7
4.143	18.1
4.137	16.5
4.132	13.0
4.127	10.0
4.121	7.9
4.116	6.8
4.111	6.6
4.105	8.2
4.100	12.0
4.095	15.1
4.089	15.7
4.084	15.8
4.079	19.2
4.073	24.0
4.068	23.5
4.063	20.2
4.057	18.5
4.052	18.9
4.047	18.2
4.041	15.2
4.036	11.8
4.031	9.2
4.025	7.6
4.020	6.9
4.015	7.2
4.009	9.7
4.004	13.7
3.999	16.0
3.994	16.1
3.988	16.6
3.983	21.0
3.978	25.2
3.972	23.7
3.967	20.4
3.962	19.0
3.956	19.5
3.951	18.4
3.946	15.3
3.940	12.0
3.935	9.5
3.930	7.9
3.924	7.1
3.919	7.3
3.914	9.3
3.908	13.0
3.903	15.5
3.898	16.3
3.892	16.7
3.887	20.4
3.882	25.4
3.876	25.2
3.871	21.8
3.866	19.6
3.860	19.8
3.855	19.5
3.850	17.1
3.844	13.7
3.839	10.8
3.834	8.7
3.829	7.5
3.823	7.2
3.818	8.1
3.813	11.2
3.807	15.1
3.802	16.9
3.797	16.9
3.791	17.7
3.786	22.3
3.781	26.2
3.775	24.7
3.770	21.2
3.765	19.6
3.759	19.7
3.754	19.3
3.749	17.2
3.743	14.1
3.738	11.3
3.733	9.2
3.727	8.0
3.722	7.6
3.717	8.1
3.711	10.9
3.706	14.8
3.701	17.1
3.695	17.4
3.690	17.5
3.685	21.0
3.679	25.8
3.674	26.2
3.669	23.4
3.663	21.0
3.658	20.6
3.653	20.4
3.647	18.8
3.642	16.1
3.637	13.1
3.632	10.4
3.626	8.7
3.621	7.6
3.616	7.4
3.610	8.6
3.605	11.9
3.600	15.6
3.594	17.3
3.589	17.1
3.584	17.4
3.578	20.7
3.573	24.7
3.568	25.2
3.562	23.3
3.557	21.3
3.552	20.8
3.546	20.4
3.541	19.1
3.536	16.5
3.530	13.7
3.525	11.2
3.520	9.4
3.514	8.2
3.509	7.8
3.504	8.2
3.498	10.6
3.493	14.3
3.488	17.0
3.482	17.8
3.477	17.6
3.472	19.3
3.466	23.6
3.461	26.3
3.456	25.5
3.450	23.0
3.445	21.4
3.440	20.9
3.434	20.5
3.429	19.1
3.424	16.7
3.418	13.9
3.413	11.4
3.408	9.6
3.402	8.4
3.397	7.9
3.392	8.3
3.386	10.0
3.381	13.2
3.376	16.0
3.370	17.6
3.365	17.7
3.360	18.6
3.354	21.4
3.349	24.0
3.344	24.6
3.338	23.6
3.333	21.9
3.328	21.1
3.322	20.6
3.317	19.8
3.312	18.2
3.306	15.7
3.301	13.0
3.296	10.7
3.291	9.0
3.285	7.9
3.280	7.5
3.275	7.9
3.269	9.4
3.264	11.8
3.259	13.9
3.253	14.9
3.248	15.4
3.243	17.0
3.237	20.7
3.232	24.6
3.227	25.9
3.221	24.8
3.216	22.8
3.211	21.8
3.205	21.4
3.200	20.9
3.195	19.7
3.189	17.5
3.184	14.8
3.179	12.4
3.173	10.4
3.168	9.0
3.163	8.2
3.157	8.2
3.152	9.3
3.147	12.0
3.141	15.6
3.136	18.1
3.131	18.7
3.125	18.4
3.120	19.3
3.115	22.7
3.109	26.5
3.104	28.1
3.099	26.6
3.093	24.3
3.088	22.8
3.083	22.4
3.077	22.0
3.072	20.9
3.067	18.9
3.061	16.2
3.056	13.5
3.051	11.5
3.045	9.9
3.040	8.9
3.035	8.5
3.029	8.9
3.024	10.6
3.019	13.9
3.013	17.3
3.008	19.3
3.003	19.4
2.997	19.2
2.992	20.7
2.987	24.4
2.981	28.1
2.976	29.3
2.971	27.7
2.965	25.2
2.960	23.6
2.955	22.9
2.949	22.5
2.944	21.8
2.939	20.0
2.933	17.5
2.928	14.8
2.923	12.4
2.917	10.5
2.912	9.2
2.907	8.5
2.901	8.4
2.896	9.3
2.891	11.7
2.885	15.3
2.880	18.4
2.875	19.8
2.869	19.9
2.864	19.5
2.859	21.1
2.853	24.7
2.848	28.5
2.843	30.1
2.837	28.9
2.832	26.4
2.827	24.5
2.821	23.6
2.816	23.3
2.811	22.7
2.805	21.2
2.800	18.9
2.795	16.2
2.789	13.5
2.784	11.4
2.779	9.7
2.773	8.5
2.768	8.1
2.763	8.2
2.757	9.3
2.752	11.8
2.747	15.5
2.741	19.0
2.736	22.7
2.731	21.8
2.725	20.7
2.720	21.3
2.715	24.2
2.709	27.5
2.704	29.4
2.699	29.5
2.693	27.9
2.688	25.2
2.683	23.4
2.677	22.7
2.672	22.5
2.667	22.2
2.661	20.9
2.656	18.8
2.651	16.2
2.645	13.8
2.640	11.7
2.635	10.1
2.629	9.0
2.624	8.5
2.619	8.5
2.613	9.3
2.608	11.2
2.602	14.4
2.597	18.1
2.592	20.8
2.586	21.6
2.581	20.8
2.576	20.3
2.570	21.5
2.565	25.1
2.560	29.4
2.554	31.7
2.549	31.2
2.544	28.7
2.538	26.1
2.533	24.3
2.528	23.7
2.522	23.4
2.517	23.0
2.512	21.7
2.506	19.8
2.501	17.4
2.496	14.9
2.490	12.6
2.485	10.9
2.480	9.6
2.474	8.8
2.469	8.4
2.464	8.4
2.458	9.2
2.453	10.8
2.448	13.9
2.442	17.6
2.437	20.5
2.432	21.7
2.426	21.4
2.421	20.6
2.416	20.6
2.410	22.9
2.405	26.8
2.400	30.5
2.394	32.1
2.389	31.1
2.384	28.4
2.378	25.6
2.373	23.8
2.368	23.2
2.362	23.1
2.357	23.1
2.352	22.2
2.346	20.7
2.341	18.5
2.336	16.1
2.330	13.6
2.325	11.6
2.320	10.0
2.314	9.1
2.309	8.6
2.304	8.4
2.298	8.6
2.293	9.3
2.288	10.9
2.282	13.6
2.277	17.1
2.272	20.3
2.266	22.2
2.261	21.7
2.256	19.7
2.250	18.1
2.245	18.1
2.240	20.8
2.234	25.6
2.229	30.3
2.223	32.2
2.218	31.3
2.213	28.6
2.207	25.7
2.202	23.4
2.197	22.3
2.191	22.1
2.186	22.5
2.181	22.5
2.175	21.2
2.170	19.1
2.165	16.8
2.159	14.8
2.154	12.9
2.149	11.3
2.143	10.1
2.138	9.2
2.133	8.7
2.127	8.4
2.122	8.4
2.117	8.8
2.111	9.8
2.106	11.7
2.101	14.6
2.095	18.2
2.090	21.1
2.085	22.6
2.079	22.5
2.074	21.5
2.069	20.6
2.063	20.4
2.058	22.0
2.053	25.4
2.047	29.4
2.042	32.3
2.037	32.8
2.031	31.0
2.026	27.9
2.021	25.0
2.015	23.0
2.010	22.1
2.005	22.2
1.999	22.6
1.994	22.7
1.989	22.3
1.983	21.1
1.978	19.0
1.972	16.6
1.967	14.3
1.962	12.3
1.956	10.6
1.951	9.4
1.946	8.6
1.940	8.2
1.935	8.1
1.930	8.1
1.924	8.4
1.919	9.0
1.914	9.9
1.908	11.7
1.903	14.4
1.898	17.6
1.892	20.5
1.887	22.3
1.882	22.7
1.876	21.9
1.871	20.7
1.866	19.8
1.860	19.7
1.855	21.3
1.850	24.6
1.844	28.6
1.839	31.7
1.834	32.9
1.828	31.6
1.823	29.0
1.818	26.0
1.812	23.6
1.807	22.0
1.802	21.5
1.796	21.7
1.791	22.3
1.786	22.8
1.780	22.8
1.775	22.0
1.769	20.5
1.764	18.5
1.759	16.2
1.753	14.2
1.748	12.5
1.743	11.0
1.737	10.1
1.732	9.3
1.727	8.8
1.721	8.4
1.716	8.3
1.711	8.3
1.705	8.5
1.700	8.9
1.695	9.7
1.689	11.2
1.684	13.3
1.679	16.1
1.673	19.0
1.668	21.4
1.663	22.9
1.657	23.2
1.652	22.5
1.647	21.3
1.641	20.2
1.636	19.8
1.631	20.2
1.625	22.0
1.620	25.4
1.615	29.5
1.609	33.1
1.604	34.8
1.599	34.3
1.593	31.9
1.588	28.7
1.582	25.7
1.577	23.3
1.572	22.0
1.566	21.7
1.561	22.0
1.556	22.3
1.550	22.8
1.545	23.2
1.540	23.3
1.534	23.0
1.529	21.7
1.524	19.7
1.518	17.5
1.513	15.4
1.508	13.5
1.502	11.9
1.497	10.7
1.492	9.9
1.486	9.1
1.481	8.7
1.476	8.3
1.470	8.2
1.465	8.2
1.460	8.4
1.454	8.7
1.449	9.1
1.444	9.6
1.438	10.4
1.433	11.7
1.428	13.7
1.422	16.4
1.417	19.5
1.411	22.2
1.406	24.3
1.401	25.1
1.395	25.1
1.390	24.1
1.385	22.8
1.379	21.5
1.374	20.7
1.369	20.3
1.363	20.7
1.358	22.1
1.353	24.6
1.347	28.0
1.342	32.0
1.337	35.3
1.331	36.9
1.326	36.4
1.321	34.0
1.315	30.6
1.310	27.3
1.305	24.6
1.299	22.8
1.294	21.8
1.289	21.5
1.283	21.7
1.278	22.3
1.273	23.1
1.267	24.1
1.262	24.9
1.256	25.2
1.251	24.5
1.246	23.2
1.240	21.6
1.235	20.0
1.230	18.3
1.224	16.3
1.219	14.6
1.214	13.1
1.208	11.9
1.203	11.1
1.198	10.3
1.192	9.8
1.187	9.4
1.182	9.0
1.176	8.7
1.171	8.6
1.166	8.6
1.160	8.6
1.155	8.5
1.150	8.5
1.144	8.9
1.139	9.3
1.134	9.9
1.128	10.7
1.123	11.4
1.118	12.3
1.112	13.6
1.107	15.6
1.101	18.0
1.096	20.5
1.091	22.7
1.085	24.7
1.080	26.1
1.075	26.6
1.069	26.1
1.064	25.2
1.059	23.9
1.053	22.6
1.048	21.3
1.043	20.3
1.037	19.7
1.032	19.8
1.027	20.6
1.021	22.1
1.016	24.1
1.011	26.9
1.005	30.3
1.000	33.8
0.995	37.0
0.989	39.2
0.984	39.8
0.979	39.0
0.973	36.9
0.968	34.3
0.962	31.5
0.957	28.7
0.952	25.9
0.946	23.4
0.941	21.8
0.936	21.2
0.930	20.9
0.925	21.0
0.920	21.3
0.914	21.5
0.909	21.0
0.904	20.2
0.898	19.5
0.893	19.4
0.888	19.5
0.882	20.4
0.877	21.8
0.872	23.4
0.866	24.2
0.861	24.1
0.856	23.1
0.850	21.5
0.845	19.6
0.840	17.9
0.834	16.3
0.829	15.1
0.823	13.9
0.818	12.8
0.813	11.9
0.807	11.1
0.802	10.6
0.797	10.2
0.791	9.8
0.786	9.5
0.781	9.2
0.775	9.1
0.770	8.9
0.765	8.7
0.759	8.7
0.754	8.6
0.749	8.6
0.743	8.6
0.738	8.6
0.733	8.6
0.727	8.6
0.722	8.7
0.717	8.8
0.711	9.0
0.706	9.2
0.701	9.5
0.695	9.8
0.690	10.1
0.684	10.3
0.679	10.7
0.674	11.2
0.668	12.0
0.663	12.7
0.658	13.5
0.652	14.7
0.647	15.8
0.642	16.8
0.636	18.1
0.631	19.7
0.626	21.3
0.620	22.7
0.615	23.9
0.610	24.9
0.604	25.7
0.599	26.2
0.594	26.5
0.588	26.5
0.583	26.2
0.578	25.8
0.572	25.0
0.567	24.5
0.561	24.0
0.556	23.5
0.551	23.0
0.545	22.2
0.540	21.6
0.535	21.0
0.529	20.6
0.524	20.2
0.519	19.8
0.513	19.5
0.508	19.5
0.503	19.4
0.497	19.5
0.492	19.5
0.487	19.6
0.481	20.0
0.476	21.0
0.471	22.1
0.465	23.1
0.460	24.3
0.455	25.5
0.449	26.8
0.444	28.3
0.438	29.7
0.433	31.0
0.428	32.4
0.422	33.9
0.417	35.2
0.412	36.4
0.406	37.4
0.401	38.2
0.396	38.6
0.390	38.9
0.385	38.8
0.380	38.4
0.374	37.9
0.369	37.2
0.364	36.3
0.358	35.2
0.353	34.1
0.348	33.2
0.342	32.3
0.337	31.5
0.332	30.6
0.326	29.8
0.321	28.8
0.316	27.9
0.310	27.1
0.305	26.2
0.299	25.4
0.294	24.6
0.289	23.9
0.283	23.3
0.278	22.6
0.273	22.1
0.267	21.6
0.262	21.2
0.257	20.8
0.251	20.7
0.246	20.6
0.241	20.5
0.235	20.2
0.230	20.1
0.225	20.0
0.219	20.0
0.214	19.8
0.209	19.7
0.203	19.7
0.198	19.7
0.193	19.8
0.187	19.8
0.182	19.8
0.176	19.9
0.171	20.0
0.166	20.0
0.160	20.0
0.155	20.1
0.150	20.1
0.144	20.3
0.139	20.4
0.134	20.5
0.128	20.5
0.123	20.6
0.118	20.7
0.112	20.9
0.107	21.0
0.102	21.0
0.096	21.1
0.091	21.2
0.086	21.3
0.080	21.4
0.075	21.4
0.070	21.4
0.064	21.5
0.059	21.5
0.053	21.5
0.048	21.6
0.043	21.6
0.037	21.7
0.032	21.7
0.027	21.8
0.021	21.9
0.016	21.9
0.011	22.0
0.005	22.0
0.000	22.3
-0.005	22.1
-0.011	21.9
-0.016	21.9
-0.021	21.9
-0.027	22.0
-0.032	22.0
-0.037	22.0
-0.043	22.0
-0.048	22.0
-0.053	21.9
-0.059	21.9
-0.064	21.9
-0.070	21.9
-0.075	21.8
-0.080	21.7
-0.086	21.6
-0.091	21.6
-0.096	21.4
-0.102	21.3
-0.107	21.0
-0.112	20.5
-0.118	20.2
-0.123	20.2
-0.128	20.6
-0.134	21.0
-0.139	21.0
-0.144	21.0
-0.150	21.1
-0.155	21.1
-0.160	21.0
-0.166	21.1
-0.171	21.2
-0.176	21.4
-0.182	21.5
-0.187	21.8
-0.193	22.0
-0.198	22.1
-0.203	22.2
-0.209	22.6
-0.214	23.1
-0.219	23.7
-0.225	24.1
-0.230	24.7
-0.235	25.2
-0.241	25.7
-0.246	26.2
-0.251	26.9
-0.257	27.7
-0.262	28.5
-0.267	29.3
-0.273	29.9
-0.278	30.3
-0.283	30.9
-0.289	32.0
-0.294	33.3
-0.299	34.2
-0.305	34.9
-0.310	35.6
-0.316	36.4
-0.321	37.0
-0.326	37.5
-0.332	37.9
-0.337	38.2
-0.342	38.4
-0.348	38.4
-0.353	38.0
-0.358	37.6
-0.364	36.9
-0.369	36.2
-0.374	35.4
-0.380	34.6
-0.385	33.6
-0.390	32.5
-0.396	31.3
-0.401	30.1
-0.406	28.9
-0.412	27.7
-0.417	26.5
-0.422	25.4
-0.428	24.5
-0.433	23.7
-0.438	23.0
-0.444	22.5
-0.449	22.0
-0.455	21.6
-0.460	21.3
-0.465	21.2
-0.471	21.1
-0.476	21.1
-0.481	21.1
-0.487	21.3
-0.492	21.1
-0.497	20.7
-0.503	20.7
-0.508	21.2
-0.513	21.9
-0.519	22.6
-0.524	23.1
-0.529	23.3
-0.535	23.4
-0.540	23.3
-0.545	22.7
-0.551	22.0
-0.556	21.5
-0.561	21.3
-0.567	20.9
-0.572	20.4
-0.578	19.7
-0.583	19.1
-0.588	18.4
-0.594	17.7
-0.599	16.9
-0.604	16.2
-0.610	15.3
-0.615	14.4
-0.620	13.5
-0.626	12.7
-0.631	11.9
-0.636	11.5
-0.642	11.0
-0.647	10.6
-0.652	10.2
-0.658	9.8
-0.663	9.4
-0.668	9.1
-0.674	8.8
-0.679	8.7
-0.684	8.6
-0.690	8.6
-0.695	8.6
-0.701	8.6
-0.706	8.6
-0.711	8.8
-0.717	8.9
-0.722	9.1
-0.727	9.2
-0.733	9.5
-0.738	9.8
-0.743	10.1
-0.749	10.4
-0.754	10.9
-0.759	11.3
-0.765	12.0
-0.770	12.8
-0.775	13.6
-0.781	14.4
-0.786	15.5
-0.791	16.6
-0.797	17.4
-0.802	18.1
-0.807	19.0
-0.813	20.2
-0.818	21.8
-0.823	23.0
-0.829	23.8
-0.834	24.1
-0.840	24.1
-0.845	23.7
-0.850	23.3
-0.856	22.8
-0.861	22.4
-0.866	22.1
-0.872	22.0
-0.877	22.0
-0.882	22.4
-0.888	23.0
-0.893	23.9
-0.898	25.1
-0.904	26.6
-0.909	28.2
-0.914	29.7
-0.920	31.0
-0.925	31.8
-0.930	32.4
-0.936	32.3
-0.941	31.6
-0.946	30.9
-0.952	30.5
-0.957	29.7
-0.962	28.4
-0.968	26.9
-0.973	25.3
-0.979	24.0
-0.984	23.1
-0.989	22.4
-0.995	22.0
-1.000	21.9
-1.005	21.9
-1.011	21.9
-1.016	21.9
-1.021	21.8
-1.027	21.5
-1.032	21.1
-1.037	20.6
-1.043	20.1
-1.048	19.3
-1.053	18.5
-1.059	17.6
-1.064	16.5
-1.069	15.3
-1.075	14.1
-1.080	12.9
-1.085	11.8
-1.091	11.1
-1.096	10.5
-1.101	10.0
-1.107	9.7
-1.112	9.4
-1.118	9.4
-1.123	9.3
-1.128	9.3
-1.134	9.5
-1.139	9.8
-1.144	10.2
-1.150	10.7
-1.155	11.1
-1.160	11.7
-1.166	12.5
-1.171	13.7
-1.176	15.3
-1.182	17.2
-1.187	19.1
-1.192	20.7
-1.198	22.0
-1.203	22.9
-1.208	23.3
-1.214	23.2
-1.219	22.8
-1.224	22.4
-1.230	22.0
-1.235	22.0
-1.240	22.4
-1.246	23.2
-1.251	24.5
-1.256	26.1
-1.262	27.6
-1.267	28.9
-1.273	29.9
-1.278	30.4
-1.283	30.4
-1.289	30.1
-1.294	29.2
-1.299	27.9
-1.305	26.3
-1.310	24.7
-1.315	23.3
-1.321	22.3
-1.326	21.5
-1.331	20.8
-1.337	20.0
-1.342	19.6
-1.347	19.5
-1.353	19.4
-1.358	19.0
-1.363	18.3
-1.369	17.6
-1.374	16.6
-1.379	15.4
-1.385	14.2
-1.390	12.9
-1.395	11.7
-1.401	10.9
-1.406	10.3
-1.411	9.8
-1.417	9.5
-1.422	9.5
-1.428	9.5
-1.433	9.6
-1.438	10.0
-1.444	10.4
-1.449	11.2
-1.454	12.1
-1.460	13.2
-1.465	14.6
-1.470	16.2
-1.476	17.8
-1.481	19.3
-1.486	20.4
-1.492	21.1
-1.497	21.3
-1.502	21.2
-1.508	20.9
-1.513	20.8
-1.518	21.0
-1.524	21.8
-1.529	23.2
-1.534	25.1
-1.540	26.4
-1.545	27.5
-1.550	28.0
-1.556	27.8
-1.561	27.0
-1.566	26.0
-1.572	24.7
-1.577	23.3
-1.582	22.1
-1.588	21.2
-1.593	20.7
-1.599	20.2
-1.604	19.6
-1.609	19.2
-1.615	18.2
-1.620	17.1
-1.625	15.9
-1.631	15.2
-1.636	14.4
-1.641	13.3
-1.647	12.1
-1.652	11.1
-1.657	10.2
-1.663	9.7
-1.668	9.3
-1.673	9.4
-1.679	9.5
-1.684	10.0
-1.689	10.6
-1.695	11.7
-1.700	12.9
-1.705	14.5
-1.711	16.2
-1.716	17.8
-1.721	19.3
-1.727	20.5
-1.732	21.2
-1.737	21.5
-1.743	21.5
-1.748	21.7
-1.753	22.4
-1.759	23.4
-1.764	24.5
-1.769	25.2
-1.775	25.6
-1.780	25.9
-1.786	26.2
-1.791	26.0
-1.796	25.3
-1.802	24.2
-1.807	22.9
-1.812	21.7
-1.818	20.9
-1.823	20.1
-1.828	19.3
-1.834	18.5
-1.839	17.8
-1.844	17.1
-1.850	16.1
-1.855	14.9
-1.860	13.7
-1.866	12.4
-1.871	11.3
-1.876	10.5
-1.882	10.0
-1.887	9.7
-1.892	9.8
-1.898	10.2
-1.903	10.9
-1.908	12.1
-1.914	13.5
-1.919	15.2
-1.924	17.1
-1.930	18.8
-1.935	20.1
-1.940	20.9
-1.946	21.3
-1.951	21.5
-1.956	21.9
-1.962	22.8
-1.967	24.3
-1.972	25.8
-1.978	27.0
-1.983	27.5
-1.989	27.5
-1.994	26.9
-1.999	25.8
-2.005	24.3
-2.010	22.9
-2.015	21.7
-2.021	20.6
-2.026	19.8
-2.031	18.6
-2.037	17.6
-2.042	16.4
-2.047	15.2
-2.053	14.0
-2.058	12.7
-2.063	11.5
-2.069	10.7
-2.074	9.9
-2.079	9.7
-2.085	9.7
-2.090	10.2
-2.095	11.1
-2.101	12.5
-2.106	14.2
-2.111	16.3
-2.117	18.3
-2.122	19.9
-2.127	21.0
-2.133	21.5
-2.138	21.8
-2.143	22.4
-2.149	23.4
-2.154	24.9
-2.159	26.2
-2.165	27.2
-2.170	27.5
-2.175	27.2
-2.181	26.2
-2.186	24.8
-2.191	23.2
-2.197	21.8
-2.202	20.7
-2.207	19.5
-2.213	18.2
-2.218	17.1
-2.223	16.2
-2.229	15.0
-2.234	13.4
-2.240	11.9
-2.245	10.7
-2.250	9.9
-2.256	9.4
-2.261	9.5
-2.266	10.1
-2.272	11.3
-2.277	12.8
-2.282	14.8
-2.288	16.7
-2.293	18.5
-2.298	20.1
-2.304	21.1
-2.309	21.6
-2.314	22.4
-2.320	23.4
-2.325	24.8
-2.330	26.3
-2.336	27.2
-2.341	27.3
-2.346	26.6
-2.352	25.2
-2.357	23.5
-2.362	21.9
-2.368	20.9
-2.373	20.1
-2.378	19.2
-2.384	18.0
-2.389	16.8
-2.394	15.3
-2.400	13.7
-2.405	12.0
-2.410	10.8
-2.416	10.0
-2.421	9.8
-2.426	10.1
-2.432	10.8
-2.437	12.2
-2.442	14.1
-2.448	16.2
-2.453	18.2
-2.458	19.8
-2.464	20.9
-2.469	21.4
-2.474	22.1
-2.480	23.3
-2.485	25.2
-2.490	26.4
-2.496	26.8
-2.501	26.1
-2.506	24.9
-2.512	23.3
-2.517	21.9
-2.522	20.8
-2.528	19.9
-2.533	18.9
-2.538	17.9
-2.544	16.6
-2.549	15.0
-2.554	13.2
-2.560	11.6
-2.565	10.4
-2.570	9.7
-2.576	9.7
-2.581	10.2
-2.586	11.3
-2.592	13.0
-2.597	15.0
-2.602	17.2
-2.608	18.7
-2.613	19.6
-2.619	20.3
-2.624	21.3
-2.629	22.6
-2.635	24.1
-2.640	25.3
-2.645	26.1
-2.651	25.8
-2.656	24.7
-2.661	23.0
-2.667	21.4
-2.672	20.2
-2.677	18.8
-2.683	17.0
-2.688	15.4
-2.693	13.8
-2.699	12.4
-2.704	10.9
-2.709	9.7
-2.715	9.1
-2.720	9.1
-2.725	9.5
-2.731	10.8
-2.736	13.5
-2.741	15.5
-2.747	17.3
-2.752	18.8
-2.757	19.6
-2.763	20.4
-2.768	21.5
-2.773	22.7
-2.779	23.9
-2.784	24.8
-2.789	24.9
-2.795	23.9
-2.800	22.3
-2.805	20.5
-2.811	19.0
-2.816	17.8
-2.821	16.6
-2.827	15.2
-2.832	13.6
-2.837	11.8
-2.843	10.2
-2.848	9.2
-2.853	8.8
-2.859	9.2
-2.864	10.0
-2.869	11.5
-2.875	13.6
-2.880	16.0
-2.885	17.8
-2.891	18.9
-2.896	19.6
-2.901	20.7
-2.907	22.0
-2.912	23.3
-2.917	23.8
-2.923	23.5
-2.928	22.5
-2.933	20.8
-2.939	19.2
-2.944	18.0
-2.949	17.1
-2.955	16.1
-2.960	14.6
-2.965	12.7
-2.971	10.9
-2.976	9.7
-2.981	9.0
-2.987	9.2
-2.992	10.0
-2.997	11.6
-3.003	13.8
-3.008	16.2
-3.013	18.2
-3.019	19.4
-3.024	20.2
-3.029	21.4
-3.035	23.0
-3.040	24.6
-3.045	24.7
-3.051	23.8
-3.056	22.1
-3.061	20.2
-3.067	19.0
-3.072	18.1
-3.077	16.8
-3.083	15.3
-3.088	13.3
-3.093	11.4
-3.099	9.7
-3.104	9.0
-3.109	9.0
-3.115	9.8
-3.120	11.3
-3.125	13.3
-3.131	15.6
-3.136	17.6
-3.141	19.2
-3.147	20.4
-3.152	21.6
-3.157	23.2
-3.163	24.7
-3.168	25.5
-3.173	24.7
-3.179	22.7
-3.184	20.6
-3.189	19.2
-3.195	18.0
-3.200	16.5
-3.205	14.6
-3.211	12.4
-3.216	10.4
-3.221	9.3
-3.227	9.0
-3.232	9.6
-3.237	11.1
-3.243	13.4
-3.248	16.0
-3.253	18.1
-3.259	19.2
-3.264	20.0
-3.269	21.1
-3.275	23.1
-3.280	23.7
-3.285	22.2
-3.291	19.6
-3.296	17.4
-3.301	16.2
-3.306	15.9
-3.312	15.9
-3.317	15.0
-3.322	13.1
-3.328	11.1
-3.333	9.5
-3.338	8.9
-3.344	9.1
-3.349	10.0
-3.354	11.9
-3.360	14.6
-3.365	17.2
-3.370	18.7
-3.376	19.1
-3.381	19.7
-3.386	21.4
-3.392	23.6
-3.397	24.6
-3.402	23.4
-3.408	20.7
-3.413	18.9
-3.418	18.0
-3.424	17.0
-3.429	15.1
-3.434	12.7
-3.440	10.4
-3.445	9.0
-3.450	8.5
-3.456	8.9
-3.461	10.0
-3.466	12.0
-3.472	14.9
-3.477	17.4
-3.482	18.6
-3.488	19.0
-3.493	20.1
-3.498	21.9
-3.504	23.0
-3.509	22.5
-3.514	20.0
-3.520	18.2
-3.525	17.5
-3.530	16.8
-3.536	15.3
-3.541	12.8
-3.546	10.3
-3.552	8.8
-3.557	8.2
-3.562	8.5
-3.568	9.6
-3.573	11.8
-3.578	14.8
-3.584	17.3
-3.589	18.1
-3.594	18.5
-3.600	20.0
-3.605	22.8
-3.610	24.3
-3.616	22.4
-3.621	19.4
-3.626	17.9
-3.632	17.3
-3.637	16.2
-3.642	13.8
-3.647	11.1
-3.653	9.1
-3.658	8.1
-3.663	8.0
-3.669	8.8
-3.674	10.8
-3.679	14.1
-3.685	17.1
-3.690	18.1
-3.695	18.1
-3.701	19.4
-3.706	22.6
-3.711	24.9
-3.717	22.8
-3.722	19.6
-3.727	18.3
-3.733	17.9
-3.738	16.5
-3.743	13.5
-3.749	10.6
-3.754	8.7
-3.759	7.9
-3.765	7.9
-3.770	8.9
-3.775	11.4
-3.781	15.0
-3.786	17.4
-3.791	17.5
-3.797	17.6
-3.802	19.9
-3.807	23.6
-3.813	23.7
-3.818	20.4
-3.823	18.4
-3.829	18.1
-3.834	17.2
-3.839	14.4
-3.844	11.1
-3.850	8.9
-3.855	7.7
-3.860	7.6
-3.866	8.4
-3.871	10.8
-3.876	14.5
-3.882	17.3
-3.887	17.7
-3.892	17.8
-3.898	20.4
-3.903	24.5
-3.908	24.1
-3.914	20.2
-3.919	17.6
-3.924	16.9
-3.930	15.9
-3.935	13.1
-3.940	10.1
-3.946	8.2
-3.951	7.3
-3.956	7.3
-3.962	8.4
-3.967	11.2
-3.972	14.9
-3.978	16.9
-3.983	17.0
-3.988	18.2
-3.994	22.3
-3.999	25.1
-4.004	22.2
-4.009	18.9
-4.015	18.0
-4.020	17.8
-4.025	15.3
-4.031	11.8
-4.036	9.1
-4.041	7.7
-4.047	7.1
-4.052	7.6
-4.057	10.0
-4.063	13.8
-4.068	16.5
-4.073	16.8
-4.079	17.6
-4.084	21.2
-4.089	23.7
-4.095	21.1
-4.100	18.1
-4.105	17.4
-4.111	17.3
-4.116	14.7
-4.121	11.3
-4.127	8.9
-4.132	7.6
-4.137	7.3
-4.143	8.3
-4.148	11.0
-4.153	14.5
-4.158	16.0
-4.164	16.0
-4.169	17.6
-4.174	22.2
-4.180	23.8
-4.185	20.4
-4.190	18.0
-4.196	17.8
-4.201	16.8
-4.206	13.4
-4.212	10.2
-4.217	8.1
-4.222	7.3
-4.228	7.4
-4.233	9.2
-4.238	12.2
-4.244	14.5
-4.249	14.9
-4.254	16.0
-4.260	19.8
-4.265	22.7
-4.270	20.4
-4.275	17.7
-4.281	17.3
-4.286	16.7
-4.291	13.7
-4.297	10.4
-4.302	8.3
-4.307	7.2
-4.313	7.2
-4.318	8.8
-4.323	11.7
-4.329	13.7
-4.334	14.0
-4.339	14.9
-4.345	18.6
-4.350	21.5
-4.355	19.5
-4.361	17.1
-4.366	16.6
-4.371	15.2
-4.377	12.2
-4.382	9.3
-4.387	7.4
-4.392	6.6
-4.398	7.0
-4.403	8.9
-4.408	11.6
-4.414	13.4
-4.419	13.8
-4.424	15.5
-4.430	18.7
-4.435	19.4
-4.440	17.1
-4.446	15.8
-4.451	15.4
-4.456	13.6
-4.462	10.7
-4.467	8.3
-4.472	7.1
-4.478	6.8
-4.483	7.6
-4.488	9.5
-4.493	11.0
-4.499	11.5
-4.504	12.2
-4.509	14.8
-4.515	17.1
-4.520	16.3
-4.525	14.7
-4.531	14.1
-4.536	12.8
-4.541	10.4
-4.547	8.0
-4.552	6.6
-4.557	6.1
-4.563	6.7
-4.568	8.3
-4.573	10.3
-4.578	11.2
-4.584	11.7
-4.589	13.2
-4.594	14.7
-4.600	14.1
-4.605	12.9
-4.610	12.3
-4.616	11.1
-4.621	9.0
-4.626	7.2
-4.632	6.0
-4.637	5.6
-4.642	6.0
-4.648	7.5
-4.653	9.0
-4.658	9.9
-4.663	10.7
-4.669	12.2
-4.674	12.9
-4.679	12.1
-4.685	11.2
-4.690	10.4
-4.695	9.1
-4.701	7.3
-4.706	5.8
-4.711	5.0
-4.717	4.7
-4.722	5.5
-4.727	6.5
-4.733	7.2
-4.738	7.6
-4.743	8.5
-4.748	9.8
-4.754	10.0
-4.759	9.3
-4.764	8.6
-4.770	7.8
-4.775	6.8
-4.780	5.5
-4.786	4.7
-4.791	4.3
-4.796	4.4
-4.802	5.2
-4.807	6.0
-4.812	6.5
-4.818	7.1
-4.823	7.7
-4.828	7.9
-4.833	7.5
-4.839	7.1
-4.844	6.6
-4.849	5.6
-4.855	4.7
-4.860	4.1
-4.865	3.7
-4.871	3.7
-4.876	4.1
-4.881	4.8
-4.887	5.2
-4.892	5.6
-4.897	6.0
-4.902	6.2
-4.908	6.0
-4.913	5.6
-4.918	5.0
-4.924	4.5
-4.929	3.8
-4.934	3.4
-4.940	3.0
-4.945	3.0
-4.950	3.4
-4.956	3.8
-4.961	4.0
-4.966	4.1
-4.971	4.2
-4.977	4.2
-4.982	4.2
-4.987	4.2
-4.993	3.8
-4.998	3.4
-5.003	3.0
-5.009	2.7
-5.014	2.6
-5.019	2.6
-5.025	2.7
-5.030	2.9
-5.035	2.9
-5.040	3.1
-5.046	3.1
-5.051	3.1
-5.056	3.1
-5.062	3.1
-5.067	2.8
-5.072	2.5
-5.078	2.2
-5.083	2.0
-5.088	2.0
-5.094	2.0
-5.099	2.0
-5.104	2.0
-5.109	2.0
-5.115	2.1
-5.120	2.0
-5.125	2.0
-5.131	2.0
-5.136	1.9
-5.141	1.7
-5.147	1.6
-5.152	1.3
-5.157	1.3
-5.162	1.3
-5.168	1.3
-5.173	1.3
-5.178	1.3
-5.184	1.2
-5.189	1.2
-5.194	1.2
-5.200	1.2
-5.205	1.2
-5.210	1.2
-5.216	1.0
-5.221	1.0
-5.226	0.9
-5.231	0.9
-5.237	0.9
-5.242	0.9
-5.247	0.9
-5.253	0.9
-5.258	0.8
-5.263	0.8
-5.269	0.8
-5.274	0.8
-5.279	0.8
-5.284	0.8
-5.290	0.7
-5.295	0.7
-5.300	0.7
-5.306	0.7
-5.311	0.6
-5.316	0.6
-5.322	0.6
-5.327	0.6
-5.332	0.6
-5.337	0.6
-5.343	0.6
-5.348	0.6
-5.353	0.5
-5.359	0.5
-5.364	0.5
-5.369	0.5
-5.375	0.5
-5.380	0.5
-5.385	0.5
-5.390	0.5
-5.396	0.5
-5.401	0.5
-5.406	0.5
-5.412	0.5
-5.417	0.5
-5.422	0.5
-5.428	0.4
-5.433	0.4
-5.438	0.4
-5.443	0.4
-5.449	0.4
-5.454	0.4
