&a / °	I1 / %
5.459	0.0
5.454	0.0
5.449	0.0
5.443	0.0
5.438	0.0
5.433	0.0
5.428	0.0
5.422	0.0
5.417	0.0
5.412	0.0
5.406	0.0
5.401	0.0
5.396	0.0
5.390	0.0
5.385	0.0
5.380	0.0
5.375	0.0
5.369	0.0
5.364	0.0
5.359	0.0
5.353	0.0
5.348	0.0
5.343	0.0
5.337	0.0
5.332	0.0
5.327	0.0
5.322	0.0
5.316	0.0
5.311	0.0
5.306	0.0
5.300	0.0
5.295	0.0
5.290	0.0
5.284	0.0
5.279	0.0
5.274	0.0
5.269	0.0
5.263	0.0
5.258	0.0
5.253	0.0
5.247	0.0
5.242	0.0
5.237	0.0
5.231	0.0
5.226	0.0
5.221	0.0
5.216	0.0
5.210	0.0
5.205	0.0
5.200	0.0
5.194	0.0
5.189	0.0
5.184	0.0
5.178	0.0
5.173	0.0
5.168	0.0
5.162	0.0
5.157	0.1
5.152	0.1
5.147	0.1
5.141	0.1
5.136	0.2
5.131	0.2
5.125	0.3
5.120	0.3
5.115	0.3
5.109	0.3
5.104	0.3
5.099	0.3
5.094	0.3
5.088	0.4
5.083	0.4
5.078	0.4
5.072	0.5
5.067	0.5
5.062	0.6
5.056	0.6
5.051	0.7
5.046	0.7
5.040	0.7
5.035	0.7
5.030	0.7
5.025	0.7
5.019	0.8
5.014	0.8
5.009	1.1
5.003	1.2
4.998	1.3
4.993	1.3
4.987	1.5
4.982	1.5
4.977	1.6
4.971	1.6
4.966	1.6
4.961	1.6
4.956	1.6
4.950	1.6
4.945	1.6
4.940	1.9
4.934	2.3
4.929	2.4
4.924	2.7
4.918	2.8
4.913	3.1
4.908	3.1
4.902	3.1
4.897	3.1
4.892	3.1
4.887	3.1
4.881	2.8
4.876	2.5
4.871	2.5
4.865	2.8
4.860	3.3
4.855	3.7
4.849	4.0
4.844	4.4
4.839	4.8
4.833	5.0
4.828	5.0
4.823	4.6
4.818	4.5
4.812	4.4
4.807	4.0
4.802	3.6
4.796	3.5
4.791	3.7
4.786	4.2
4.780	4.8
4.775	5.2
4.770	5.7
4.764	6.4
4.759	7.1
4.754	7.2
4.748	6.9
4.743	6.7
4.738	6.6
4.733	6.2
4.727	5.2
4.722	4.4
4.717	4.0
4.711	4.3
4.706	5.1
4.701	5.9
4.695	6.4
4.690	7.2
4.685	8.4
4.679	9.6
4.674	9.7
4.669	8.9
4.663	8.4
4.658	8.4
4.653	8.2
4.648	7.0
4.642	5.6
4.637	4.8
4.632	5.1
4.626	6.3
4.621	7.7
4.616	8.5
4.610	8.9
4.605	9.9
4.600	11.5
4.594	12.3
4.589	11.4
4.584	10.4
4.578	10.3
4.573	10.4
4.568	9.4
4.563	7.8
4.557	6.3
4.552	5.9
4.547	6.6
4.541	8.2
4.536	9.5
4.531	9.9
4.525	10.7
4.520	12.9
4.515	14.7
4.509	14.2
4.504	12.2
4.499	11.2
4.493	11.6
4.488	11.7
4.483	10.2
4.478	8.1
4.472	6.6
4.467	6.3
4.462	7.5
4.456	9.8
4.451	11.3
4.446	11.7
4.440	12.3
4.435	14.9
4.430	17.6
4.424	17.1
4.419	14.7
4.414	13.5
4.408	13.7
4.403	13.4
4.398	11.4
4.392	8.9
4.387	7.3
4.382	6.8
4.377	7.9
4.371	10.4
4.366	12.4
4.361	12.7
4.355	12.8
4.350	15.2
4.345	19.1
4.339	19.5
4.334	16.7
4.329	14.7
4.323	14.6
4.318	14.7
4.313	12.9
4.307	10.2
4.302	8.1
4.297	7.0
4.291	7.3
4.286	9.7
4.281	12.8
4.275	13.9
4.270	13.5
4.265	14.0
4.260	17.8
4.254	21.1
4.249	19.6
4.244	16.6
4.238	15.4
4.233	16.2
4.228	15.8
4.222	13.2
4.217	10.3
4.212	8.3
4.206	7.3
4.201	7.7
4.196	10.4
4.190	13.4
4.185	14.6
4.180	14.2
4.174	14.8
4.169	18.2
4.164	21.1
4.158	20.1
4.153	17.3
4.148	16.4
4.143	17.2
4.137	17.1
4.132	14.3
4.127	11.1
4.121	8.8
4.116	7.6
4.111	7.6
4.105	10.0
4.100	13.6
4.095	15.5
4.089	15.1
4.084	15.1
4.079	18.6
4.073	23.6
4.068	23.3
4.063	19.7
4.057	17.3
4.052	17.5
4.047	18.1
4.041	16.3
4.036	13.1
4.031	10.4
4.025	8.5
4.020	7.7
4.015	8.5
4.009	11.7
4.004	15.1
3.999	16.1
3.994	15.4
3.988	15.8
3.983	20.4
3.978	24.8
3.972	23.5
3.967	19.8
3.962	17.7
3.956	18.2
3.951	18.5
3.946	16.5
3.940	13.3
3.935	10.6
3.930	8.7
3.924	7.9
3.919	8.5
3.914	11.3
3.908	14.5
3.903	15.9
3.898	15.8
3.892	15.8
3.887	19.6
3.882	24.9
3.876	24.9
3.871	21.4
3.866	18.6
3.860	18.4
3.855	19.1
3.850	17.9
3.844	15.0
3.839	12.0
3.834	9.7
3.829	8.4
3.823	8.0
3.818	9.6
3.813	13.3
3.807	16.3
3.802	16.9
3.797	16.1
3.791	16.7
3.786	21.5
3.781	25.7
3.775	24.4
3.770	20.7
3.765	18.3
3.759	18.3
3.754	18.9
3.749	18.0
3.743	15.6
3.738	12.7
3.733	10.4
3.727	8.8
3.722	8.4
3.717	9.6
3.711	13.0
3.706	16.2
3.701	17.3
3.695	16.7
3.690	16.7
3.685	20.2
3.679	25.2
3.674	26.0
3.669	23.1
3.663	20.1
3.658	19.2
3.653	19.5
3.647	19.1
3.642	17.2
3.637	14.5
3.632	11.7
3.626	9.7
3.621	8.5
3.616	8.4
3.610	10.2
3.605	14.0
3.600	16.8
3.594	17.3
3.589	16.5
3.584	16.6
3.578	19.9
3.573	24.2
3.568	25.0
3.562	23.1
3.557	20.4
3.552	19.5
3.546	19.6
3.541	19.2
3.536	17.5
3.530	15.0
3.525	12.5
3.520	10.5
3.514	9.2
3.509	8.7
3.504	9.6
3.498	12.7
3.493	16.0
3.488	17.7
3.482	17.4
3.477	16.8
3.472	18.4
3.466	22.9
3.461	26.0
3.456	25.4
3.450	22.7
3.445	20.4
3.440	19.7
3.434	19.7
3.429	19.3
3.424	17.9
3.418	15.4
3.413	12.8
3.408	10.8
3.402	9.4
3.397	8.8
3.392	9.6
3.386	11.9
3.381	15.0
3.376	16.9
3.370	17.6
3.365	17.1
3.360	17.8
3.354	20.8
3.349	23.8
3.344	24.6
3.338	23.5
3.333	21.2
3.328	19.9
3.322	19.6
3.317	19.5
3.312	18.8
3.306	17.1
3.301	14.6
3.296	12.2
3.291	10.1
3.285	8.9
3.280	8.4
3.275	9.2
3.269	11.1
3.264	13.2
3.259	14.5
3.253	14.9
3.248	14.9
3.243	16.4
3.237	20.2
3.232	24.4
3.227	25.9
3.221	24.8
3.216	22.4
3.211	20.8
3.205	20.4
3.200	20.4
3.195	20.0
3.189	18.6
3.184	16.4
3.179	13.9
3.173	11.7
3.168	10.1
3.163	9.2
3.157	9.2
3.152	10.8
3.147	14.1
3.141	17.3
3.136	18.7
3.131	18.3
3.125	17.6
3.120	18.4
3.115	22.0
3.109	26.1
3.104	28.0
3.099	26.5
3.093	23.8
3.088	21.9
3.083	21.3
3.077	21.3
3.072	21.1
3.067	19.9
3.061	17.9
3.056	15.3
3.051	13.0
3.045	11.1
3.040	9.9
3.035	9.5
3.029	10.3
3.024	12.8
3.019	16.3
3.013	19.0
3.008	19.7
3.003	18.9
2.997	18.3
2.992	19.7
2.987	23.7
2.981	27.7
2.976	29.3
2.971	27.7
2.965	24.8
2.960	22.5
2.955	21.6
2.949	21.6
2.944	21.7
2.939	20.8
2.933	19.0
2.928	16.6
2.923	14.1
2.917	11.9
2.912	10.4
2.907	9.5
2.901	9.5
2.896	10.9
2.891	14.1
2.885	17.5
2.880	19.7
2.875	20.0
2.869	19.2
2.864	18.6
2.859	20.0
2.853	23.9
2.848	28.0
2.843	30.0
2.837	28.8
2.832	26.0
2.827	23.5
2.821	22.3
2.816	22.2
2.811	22.2
2.805	21.7
2.800	20.3
2.795	18.0
2.789	15.3
2.784	12.8
2.779	10.8
2.773	9.6
2.768	9.0
2.763	9.4
2.757	11.0
2.752	14.2
2.747	18.0
2.741	20.4
2.736	22.2
2.731	20.7
2.725	19.5
2.720	20.1
2.715	23.1
2.709	26.7
2.704	29.1
2.699	29.4
2.693	27.6
2.688	24.5
2.683	22.1
2.677	21.3
2.672	21.3
2.667	21.7
2.661	21.4
2.656	20.1
2.651	18.1
2.645	15.7
2.640	13.3
2.635	11.5
2.629	10.2
2.624	9.5
2.619	9.5
2.613	10.7
2.608	13.3
2.602	17.0
2.597	20.1
2.592	21.5
2.586	21.1
2.581	19.9
2.576	19.0
2.570	20.2
2.565	24.0
2.560	28.5
2.554	31.2
2.549	31.0
2.544	28.4
2.538	25.4
2.533	23.0
2.528	22.1
2.522	22.1
2.517	22.1
2.512	21.8
2.506	20.8
2.501	19.1
2.496	16.8
2.490	14.4
2.485	12.3
2.480	10.8
2.474	9.8
2.469	9.3
2.464	9.5
2.458	10.6
2.453	13.0
2.448	16.5
2.442	19.7
2.437	21.5
2.432	21.5
2.426	20.3
2.421	19.2
2.416	19.2
2.410	21.5
2.405	25.7
2.400	29.7
2.394	31.6
2.389	30.9
2.384	28.1
2.378	25.0
2.373	22.5
2.368	21.5
2.362	21.4
2.357	21.9
2.352	21.9
2.346	21.4
2.341	20.0
2.336	18.1
2.330	15.6
2.325	13.3
2.320	11.5
2.314	10.3
2.309	9.5
2.304	9.3
2.298	9.6
2.293	10.8
2.288	12.9
2.282	16.2
2.277	19.5
2.272	21.7
2.266	22.1
2.261	20.7
2.256	18.4
2.250	16.8
2.245	17.0
2.240	19.7
2.234	24.6
2.229	29.6
2.223	31.9
2.218	31.2
2.213	28.4
2.207	25.1
2.202	22.4
2.197	20.8
2.191	20.4
2.186	21.0
2.181	21.7
2.175	21.3
2.170	20.2
2.165	18.5
2.159	16.8
2.154	14.9
2.149	13.0
2.143	11.4
2.138	10.3
2.133	9.6
2.127	9.2
2.122	9.3
2.117	10.0
2.111	11.5
2.106	14.1
2.101	17.5
2.095	20.6
2.090	22.4
2.085	22.4
2.079	21.5
2.074	20.0
2.069	18.9
2.063	18.9
2.058	20.6
2.053	24.1
2.047	28.5
2.042	31.7
2.037	32.6
2.031	31.0
2.026	27.9
2.021	24.5
2.015	22.0
2.010	20.6
2.005	20.3
1.999	20.8
1.994	21.5
1.989	21.9
1.983	21.7
1.978	20.6
1.972	18.8
1.967	16.6
1.962	14.4
1.956	12.3
1.951	10.7
1.946	9.6
1.940	9.2
1.935	8.9
1.930	9.0
1.924	9.3
1.919	10.2
1.914	11.7
1.908	14.1
1.903	17.3
1.898	20.2
1.892	22.0
1.887	22.6
1.882	21.9
1.876	20.6
1.871	19.2
1.866	18.3
1.860	18.3
1.855	20.1
1.850	23.5
1.844	27.8
1.839	31.3
1.834	32.9
1.828	31.9
1.823	29.2
1.818	25.9
1.812	23.1
1.807	21.1
1.802	20.0
1.796	20.0
1.791	20.6
1.786	21.5
1.780	22.2
1.775	22.5
1.769	22.0
1.764	20.7
1.759	18.8
1.753	16.8
1.748	14.7
1.743	12.9
1.737	11.5
1.732	10.5
1.727	9.7
1.721	9.3
1.716	9.2
1.711	9.1
1.705	9.5
1.700	10.2
1.695	11.4
1.689	13.5
1.684	16.3
1.679	19.3
1.673	21.6
1.668	22.9
1.663	23.2
1.657	22.4
1.652	21.1
1.647	19.6
1.641	18.6
1.636	18.3
1.631	19.0
1.625	20.9
1.620	24.5
1.615	28.9
1.609	32.9
1.604	34.9
1.599	34.6
1.593	32.3
1.588	29.1
1.582	25.7
1.577	22.9
1.572	21.0
1.566	20.2
1.561	20.1
1.556	20.4
1.550	21.1
1.545	22.1
1.540	22.9
1.534	23.6
1.529	23.3
1.524	22.2
1.518	20.4
1.513	18.4
1.508	16.2
1.502	14.2
1.497	12.6
1.492	11.4
1.486	10.4
1.481	9.7
1.476	9.2
1.470	9.0
1.465	9.0
1.460	9.3
1.454	9.7
1.449	10.2
1.444	11.0
1.438	12.4
1.433	14.4
1.428	17.0
1.422	19.9
1.417	22.6
1.411	24.4
1.406	25.1
1.401	24.8
1.395	23.7
1.390	22.2
1.385	20.7
1.379	19.5
1.374	18.8
1.369	18.8
1.363	19.5
1.358	21.0
1.353	23.6
1.347	27.2
1.342	31.4
1.337	35.1
1.331	37.1
1.326	36.8
1.321	34.4
1.315	31.0
1.310	27.5
1.305	24.4
1.299	22.2
1.294	20.7
1.289	19.9
1.283	19.8
1.278	20.2
1.273	20.9
1.267	22.0
1.262	23.2
1.256	24.2
1.251	24.5
1.246	24.3
1.240	23.6
1.235	22.8
1.230	21.5
1.224	19.7
1.219	17.8
1.214	16.0
1.208	14.4
1.203	13.1
1.198	11.9
1.192	11.1
1.187	10.5
1.182	10.0
1.176	9.6
1.171	9.4
1.166	9.4
1.160	9.4
1.155	9.3
1.150	9.3
1.144	9.7
1.139	10.5
1.134	11.3
1.128	12.5
1.123	13.7
1.118	15.1
1.112	16.9
1.107	19.2
1.101	21.6
1.096	23.5
1.091	24.8
1.085	25.6
1.080	25.9
1.075	25.4
1.069	24.2
1.064	22.9
1.059	21.5
1.053	20.3
1.048	19.2
1.043	18.4
1.037	18.1
1.032	18.4
1.027	19.3
1.021	20.9
1.016	23.1
1.011	25.9
1.005	29.3
1.000	33.1
0.995	36.4
0.989	38.9
0.984	39.8
0.979	39.2
0.973	37.3
0.968	34.7
0.962	31.8
0.957	29.0
0.952	25.9
0.946	23.2
0.941	21.2
0.936	20.2
0.930	19.7
0.925	19.3
0.920	19.2
0.914	19.2
0.909	18.7
0.904	17.8
0.898	17.3
0.893	17.3
0.888	17.7
0.882	18.8
0.877	20.6
0.872	22.8
0.866	24.6
0.861	25.5
0.856	25.5
0.850	24.8
0.845	23.4
0.840	21.7
0.834	20.2
0.829	18.7
0.823	17.2
0.818	15.7
0.813	14.4
0.807	13.2
0.802	12.4
0.797	11.7
0.791	11.0
0.786	10.6
0.781	10.2
0.775	10.0
0.770	9.7
0.765	9.6
0.759	9.4
0.754	9.3
0.749	9.3
0.743	9.3
0.738	9.3
0.733	9.3
0.727	9.3
0.722	9.5
0.717	9.7
0.711	10.0
0.706	10.2
0.701	10.5
0.695	10.9
0.690	11.3
0.684	11.8
0.679	12.6
0.674	13.4
0.668	14.3
0.663	15.4
0.658	16.6
0.652	18.0
0.647	19.3
0.642	20.5
0.636	21.8
0.631	23.3
0.626	24.5
0.620	25.3
0.615	26.0
0.610	26.2
0.604	26.2
0.599	25.9
0.594	25.6
0.588	25.1
0.583	24.4
0.578	23.6
0.572	22.7
0.567	22.0
0.561	21.4
0.556	20.9
0.551	20.4
0.545	19.7
0.540	19.2
0.535	18.8
0.529	18.4
0.524	18.1
0.519	18.0
0.513	17.9
0.508	17.9
0.503	18.0
0.497	18.1
0.492	18.1
0.487	18.4
0.481	19.0
0.476	20.0
0.471	21.1
0.465	22.2
0.460	23.3
0.455	24.5
0.449	25.9
0.444	27.4
0.438	28.8
0.433	30.2
0.428	31.6
0.422	33.2
0.417	34.6
0.412	35.9
0.406	37.1
0.401	37.9
0.396	38.4
0.390	38.8
0.385	38.8
0.380	38.5
0.374	38.1
0.369	37.6
0.364	36.6
0.358	35.7
0.353	34.6
0.348	33.7
0.342	32.9
0.337	32.1
0.332	31.2
0.326	30.2
0.321	29.2
0.316	28.3
0.310	27.4
0.305	26.4
0.299	25.6
0.294	24.7
0.289	23.9
0.283	23.1
0.278	22.4
0.273	21.9
0.267	21.3
0.262	20.8
0.257	20.4
0.251	20.1
0.246	19.8
0.241	19.7
0.235	19.4
0.230	19.2
0.225	19.0
0.219	18.9
0.214	18.6
0.209	18.5
0.203	18.5
0.198	18.5
0.193	18.5
0.187	18.5
0.182	18.5
0.176	18.5
0.171	18.5
0.166	18.4
0.160	18.4
0.155	18.4
0.150	18.4
0.144	18.5
0.139	18.5
0.134	18.5
0.128	18.5
0.123	18.6
0.118	18.7
0.112	18.8
0.107	18.8
0.102	18.9
0.096	18.9
0.091	19.0
0.086	19.0
0.080	19.1
0.075	19.1
0.070	19.1
0.064	19.1
0.059	19.2
0.053	19.2
0.048	19.2
0.043	19.3
0.037	19.3
0.032	19.3
0.027	19.4
0.021	19.4
0.016	19.5
0.011	19.5
0.005	19.6
0.000	19.8
-0.005	19.7
-0.011	19.5
-0.016	19.5
-0.021	19.5
-0.027	19.6
-0.032	19.6
-0.037	19.6
-0.043	19.6
-0.048	19.6
-0.053	19.6
-0.059	19.6
-0.064	19.6
-0.070	19.6
-0.075	19.5
-0.080	19.5
-0.086	19.5
-0.091	19.5
-0.096	19.4
-0.102	19.4
-0.107	19.1
-0.112	18.7
-0.118	18.4
-0.123	18.5
-0.128	18.9
-0.134	19.3
-0.139	19.4
-0.144	19.5
-0.150	19.5
-0.155	19.6
-0.160	19.6
-0.166	19.8
-0.171	20.0
-0.176	20.3
-0.182	20.5
-0.187	20.9
-0.193	21.2
-0.198	21.4
-0.203	21.6
-0.209	22.0
-0.214	22.6
-0.219	23.2
-0.225	23.8
-0.230	24.4
-0.235	25.0
-0.241	25.6
-0.246	26.2
-0.251	27.0
-0.257	27.8
-0.262	28.6
-0.267	29.5
-0.273	30.1
-0.278	30.5
-0.283	31.2
-0.289	32.3
-0.294	33.6
-0.299	34.4
-0.305	35.2
-0.310	35.9
-0.316	36.7
-0.321	37.2
-0.326	37.6
-0.332	38.0
-0.337	38.3
-0.342	38.4
-0.348	38.3
-0.353	37.9
-0.358	37.2
-0.364	36.5
-0.369	35.8
-0.374	35.0
-0.380	34.1
-0.385	33.0
-0.390	31.9
-0.396	30.6
-0.401	29.3
-0.406	28.1
-0.412	26.9
-0.417	25.7
-0.422	24.6
-0.428	23.5
-0.433	22.7
-0.438	21.9
-0.444	21.2
-0.449	20.7
-0.455	20.2
-0.460	19.9
-0.465	19.6
-0.471	19.4
-0.476	19.4
-0.481	19.4
-0.487	19.5
-0.492	19.4
-0.497	19.2
-0.503	19.2
-0.508	19.6
-0.513	20.3
-0.519	21.2
-0.524	21.7
-0.529	22.2
-0.535	22.6
-0.540	22.8
-0.545	22.4
-0.551	22.1
-0.556	21.8
-0.561	21.8
-0.567	21.7
-0.572	21.4
-0.578	21.0
-0.583	20.6
-0.588	20.1
-0.594	19.7
-0.599	19.1
-0.604	18.5
-0.610	17.7
-0.615	16.8
-0.620	15.9
-0.626	14.9
-0.631	14.1
-0.636	13.7
-0.642	13.1
-0.647	12.5
-0.652	11.8
-0.658	11.3
-0.663	10.8
-0.668	10.4
-0.674	10.0
-0.679	9.8
-0.684	9.6
-0.690	9.5
-0.695	9.5
-0.701	9.5
-0.706	9.5
-0.711	9.6
-0.717	9.7
-0.722	10.0
-0.727	10.1
-0.733	10.4
-0.738	10.8
-0.743	11.3
-0.749	11.8
-0.754	12.6
-0.759	13.3
-0.765	14.1
-0.770	15.1
-0.775	16.1
-0.781	17.2
-0.786	18.5
-0.791	19.5
-0.797	20.2
-0.802	20.7
-0.807	21.4
-0.813	22.2
-0.818	23.1
-0.823	23.5
-0.829	23.4
-0.834	23.1
-0.840	22.6
-0.845	22.0
-0.850	21.4
-0.856	20.9
-0.861	20.5
-0.866	20.3
-0.872	20.4
-0.877	20.6
-0.882	21.2
-0.888	22.0
-0.893	23.2
-0.898	24.5
-0.904	26.2
-0.909	27.8
-0.914	29.4
-0.920	30.7
-0.925	31.5
-0.930	32.1
-0.936	31.9
-0.941	31.2
-0.946	30.5
-0.952	30.0
-0.957	29.1
-0.962	27.7
-0.968	26.0
-0.973	24.4
-0.979	23.0
-0.984	21.8
-0.989	21.0
-0.995	20.6
-1.000	20.5
-1.005	20.5
-1.011	20.7
-1.016	20.8
-1.021	21.0
-1.027	21.0
-1.032	21.0
-1.037	20.8
-1.043	20.5
-1.048	20.0
-1.053	19.5
-1.059	18.8
-1.064	18.1
-1.069	17.2
-1.075	16.1
-1.080	14.9
-1.085	13.8
-1.091	12.9
-1.096	12.1
-1.101	11.3
-1.107	10.9
-1.112	10.5
-1.118	10.3
-1.123	10.3
-1.128	10.3
-1.134	10.4
-1.139	10.8
-1.144	11.3
-1.150	12.1
-1.155	12.8
-1.160	13.5
-1.166	14.6
-1.171	16.0
-1.176	17.7
-1.182	19.6
-1.187	21.3
-1.192	22.5
-1.198	23.0
-1.203	23.1
-1.208	22.7
-1.214	22.0
-1.219	21.2
-1.224	20.7
-1.230	20.3
-1.235	20.5
-1.240	21.1
-1.246	22.2
-1.251	23.6
-1.256	25.3
-1.262	27.0
-1.267	28.4
-1.273	29.3
-1.278	29.8
-1.283	29.9
-1.289	29.4
-1.294	28.5
-1.299	27.1
-1.305	25.4
-1.310	23.8
-1.315	22.2
-1.321	21.1
-1.326	20.4
-1.331	19.8
-1.337	19.3
-1.342	19.1
-1.347	19.1
-1.353	19.2
-1.358	19.2
-1.363	18.9
-1.369	18.4
-1.374	17.8
-1.379	16.9
-1.385	15.7
-1.390	14.5
-1.395	13.4
-1.401	12.4
-1.406	11.6
-1.411	11.0
-1.417	10.6
-1.422	10.4
-1.428	10.4
-1.433	10.6
-1.438	11.1
-1.444	11.8
-1.449	12.6
-1.454	13.8
-1.460	15.1
-1.465	16.6
-1.470	18.2
-1.476	19.5
-1.481	20.5
-1.486	20.9
-1.492	20.9
-1.497	20.5
-1.502	20.1
-1.508	19.8
-1.513	19.8
-1.518	20.2
-1.524	21.2
-1.529	22.7
-1.534	24.7
-1.540	26.1
-1.545	27.2
-1.550	27.8
-1.556	27.5
-1.561	26.8
-1.566	25.5
-1.572	24.2
-1.577	22.7
-1.582	21.4
-1.588	20.4
-1.593	19.9
-1.599	19.5
-1.604	19.1
-1.609	19.1
-1.615	18.4
-1.620	17.5
-1.625	16.7
-1.631	16.2
-1.636	15.7
-1.641	14.8
-1.647	13.7
-1.652	12.5
-1.657	11.4
-1.663	10.7
-1.668	10.3
-1.673	10.4
-1.679	10.6
-1.684	11.2
-1.689	12.0
-1.695	13.3
-1.700	14.8
-1.705	16.5
-1.711	18.1
-1.716	19.5
-1.721	20.4
-1.727	20.8
-1.732	20.8
-1.737	20.6
-1.743	20.4
-1.748	20.8
-1.753	21.5
-1.759	22.8
-1.764	24.0
-1.769	24.7
-1.775	25.2
-1.780	25.5
-1.786	25.8
-1.791	25.6
-1.796	24.8
-1.802	23.6
-1.807	22.2
-1.812	21.0
-1.818	20.3
-1.823	19.7
-1.828	19.2
-1.834	18.7
-1.839	18.3
-1.844	17.8
-1.850	17.1
-1.855	16.3
-1.860	15.1
-1.866	13.9
-1.871	12.7
-1.876	11.7
-1.882	11.0
-1.887	10.7
-1.892	10.8
-1.898	11.4
-1.903	12.3
-1.908	13.7
-1.914	15.3
-1.919	17.1
-1.924	18.7
-1.930	20.0
-1.935	20.7
-1.940	20.8
-1.946	20.6
-1.951	20.6
-1.956	21.1
-1.962	22.2
-1.967	23.7
-1.972	25.3
-1.978	26.5
-1.983	27.1
-1.989	27.1
-1.994	26.4
-1.999	25.2
-2.005	23.7
-2.010	22.1
-2.015	20.9
-2.021	20.1
-2.026	19.4
-2.031	18.7
-2.037	17.9
-2.042	17.1
-2.047	16.2
-2.053	15.1
-2.058	14.0
-2.063	12.8
-2.069	11.9
-2.074	11.1
-2.079	10.7
-2.085	10.8
-2.090	11.5
-2.095	12.7
-2.101	14.3
-2.106	16.2
-2.111	18.1
-2.117	19.7
-2.122	20.7
-2.127	21.0
-2.133	20.9
-2.138	20.9
-2.143	21.5
-2.149	22.7
-2.154	24.2
-2.159	25.7
-2.165	26.7
-2.170	27.0
-2.175	26.7
-2.181	25.7
-2.186	24.1
-2.191	22.5
-2.197	21.2
-2.202	20.2
-2.207	19.4
-2.213	18.3
-2.218	17.5
-2.223	16.9
-2.229	16.2
-2.234	14.8
-2.240	13.2
-2.245	11.8
-2.250	10.9
-2.256	10.5
-2.261	10.6
-2.266	11.4
-2.272	12.7
-2.277	14.5
-2.282	16.4
-2.288	18.1
-2.293	19.5
-2.298	20.3
-2.304	20.7
-2.309	20.8
-2.314	21.5
-2.320	22.6
-2.325	24.2
-2.330	25.7
-2.336	26.6
-2.341	26.8
-2.346	26.0
-2.352	24.5
-2.357	22.7
-2.362	21.1
-2.368	20.3
-2.373	19.6
-2.378	19.0
-2.384	18.3
-2.389	17.4
-2.394	16.4
-2.400	15.0
-2.405	13.4
-2.410	12.1
-2.416	11.2
-2.421	10.8
-2.426	11.2
-2.432	12.2
-2.437	13.8
-2.442	15.8
-2.448	17.7
-2.453	19.3
-2.458	20.2
-2.464	20.5
-2.469	20.5
-2.474	21.1
-2.480	22.5
-2.485	24.4
-2.490	25.8
-2.496	26.2
-2.501	25.5
-2.506	24.3
-2.512	22.6
-2.517	21.1
-2.522	20.0
-2.528	19.4
-2.533	18.8
-2.538	18.1
-2.544	17.2
-2.549	16.0
-2.554	14.5
-2.560	12.9
-2.565	11.6
-2.570	10.8
-2.576	10.7
-2.581	11.4
-2.586	12.7
-2.592	14.5
-2.597	16.6
-2.602	18.2
-2.608	19.0
-2.613	19.2
-2.619	19.4
-2.624	20.4
-2.629	21.7
-2.635	23.3
-2.640	24.7
-2.645	25.5
-2.651	25.2
-2.656	23.9
-2.661	22.2
-2.667	20.6
-2.672	19.5
-2.677	18.5
-2.683	17.1
-2.688	15.9
-2.693	14.5
-2.699	13.6
-2.704	12.1
-2.709	10.9
-2.715	10.1
-2.720	10.1
-2.725	10.7
-2.731	12.2
-2.736	15.2
-2.741	16.9
-2.747	18.2
-2.752	19.0
-2.757	19.1
-2.763	19.6
-2.768	20.7
-2.773	22.1
-2.779	23.4
-2.784	24.3
-2.789	24.4
-2.795	23.3
-2.800	21.5
-2.805	19.8
-2.811	18.5
-2.816	17.6
-2.821	16.8
-2.827	15.8
-2.832	14.5
-2.837	12.9
-2.843	11.4
-2.848	10.3
-2.853	9.9
-2.859	10.3
-2.864	11.3
-2.869	12.9
-2.875	15.1
-2.880	17.1
-2.885	18.1
-2.891	18.5
-2.896	18.9
-2.901	19.9
-2.907	21.4
-2.912	22.8
-2.917	23.4
-2.923	23.0
-2.928	21.9
-2.933	20.1
-2.939	18.6
-2.944	17.6
-2.949	17.1
-2.955	16.4
-2.960	15.4
-2.965	14.0
-2.971	12.2
-2.976	10.8
-2.981	10.1
-2.987	10.3
-2.992	11.3
-2.997	13.1
-3.003	15.4
-3.008	17.4
-3.013	18.6
-3.019	19.0
-3.024	19.5
-3.029	20.7
-3.035	22.5
-3.040	24.3
-3.045	24.3
-3.051	23.4
-3.056	21.5
-3.061	19.6
-3.067	18.4
-3.072	17.9
-3.077	16.9
-3.083	16.0
-3.088	14.3
-3.093	12.6
-3.099	11.0
-3.104	10.2
-3.109	10.2
-3.115	11.2
-3.120	12.8
-3.125	14.9
-3.131	16.9
-3.136	18.2
-3.141	18.9
-3.147	19.6
-3.152	21.0
-3.157	22.7
-3.163	24.3
-3.168	25.1
-3.173	24.1
-3.179	21.9
-3.184	19.9
-3.189	18.7
-3.195	17.9
-3.200	17.0
-3.205	15.5
-3.211	13.6
-3.216	11.6
-3.221	10.4
-3.227	10.1
-3.232	10.8
-3.237	12.6
-3.243	15.1
-3.248	17.4
-3.253	18.7
-3.259	18.9
-3.264	19.2
-3.269	20.4
-3.275	22.6
-3.280	23.2
-3.285	21.7
-3.291	19.0
-3.296	16.8
-3.301	15.6
-3.306	15.6
-3.312	15.9
-3.317	15.6
-3.322	14.3
-3.328	12.4
-3.333	10.7
-3.338	9.9
-3.344	10.1
-3.349	11.4
-3.354	13.6
-3.360	16.3
-3.365	18.1
-3.370	18.5
-3.376	18.3
-3.381	19.0
-3.386	20.9
-3.392	23.3
-3.397	24.2
-3.402	22.8
-3.408	20.0
-3.413	18.2
-3.418	17.6
-3.424	17.1
-3.429	16.0
-3.434	14.0
-3.440	11.7
-3.445	10.1
-3.450	9.5
-3.456	9.9
-3.461	11.3
-3.466	13.7
-3.472	16.3
-3.477	17.9
-3.482	18.0
-3.488	18.1
-3.493	19.5
-3.498	21.7
-3.504	22.9
-3.509	22.2
-3.514	19.5
-3.520	17.5
-3.525	17.0
-3.530	16.8
-3.536	16.0
-3.541	14.1
-3.546	11.6
-3.552	9.9
-3.557	9.1
-3.562	9.5
-3.568	11.0
-3.573	13.6
-3.578	16.4
-3.584	17.6
-3.589	17.5
-3.594	17.8
-3.600	19.6
-3.605	22.8
-3.610	24.2
-3.616	21.9
-3.621	18.7
-3.626	17.1
-3.632	16.8
-3.637	16.4
-3.642	14.9
-3.647	12.4
-3.653	10.1
-3.658	8.9
-3.663	8.9
-3.669	10.1
-3.674	12.6
-3.679	16.0
-3.685	17.7
-3.690	17.5
-3.695	17.2
-3.701	19.0
-3.706	22.6
-3.711	24.7
-3.717	22.2
-3.722	18.8
-3.727	17.4
-3.733	17.3
-3.738	16.8
-3.743	14.7
-3.749	11.8
-3.754	9.7
-3.759	8.7
-3.765	8.9
-3.770	10.3
-3.775	13.4
-3.781	16.6
-3.786	17.5
-3.791	16.7
-3.797	16.9
-3.802	19.7
-3.807	23.5
-3.813	23.3
-3.818	19.7
-3.823	17.4
-3.829	17.3
-3.834	17.2
-3.839	15.3
-3.844	12.3
-3.850	9.8
-3.855	8.6
-3.860	8.5
-3.866	9.7
-3.871	12.8
-3.876	16.3
-3.882	17.5
-3.887	16.8
-3.892	17.1
-3.898	20.2
-3.903	24.4
-3.908	23.5
-3.914	19.3
-3.919	16.6
-3.924	16.1
-3.930	16.1
-3.935	14.2
-3.940	11.2
-3.946	9.1
-3.951	8.0
-3.956	8.2
-3.962	9.8
-3.967	13.2
-3.972	16.1
-3.978	16.5
-3.983	16.1
-3.988	17.7
-3.994	22.3
-3.999	24.8
-4.004	21.4
-4.009	17.9
-4.015	17.0
-4.020	17.4
-4.025	16.2
-4.031	12.9
-4.036	10.0
-4.041	8.4
-4.047	7.9
-4.052	8.9
-4.057	11.9
-4.063	15.3
-4.068	16.3
-4.073	15.9
-4.079	17.1
-4.084	21.1
-4.089	23.4
-4.095	20.3
-4.100	17.1
-4.105	16.3
-4.111	16.8
-4.116	15.4
-4.121	12.3
-4.127	9.8
-4.132	8.3
-4.137	8.2
-4.143	9.7
-4.148	13.0
-4.153	15.5
-4.158	15.7
-4.164	15.3
-4.169	17.3
-4.174	22.2
-4.180	23.3
-4.185	19.6
-4.190	16.9
-4.196	16.9
-4.201	16.9
-4.206	14.3
-4.212	11.0
-4.217	8.8
-4.222	8.0
-4.228	8.6
-4.233	11.0
-4.238	13.7
-4.244	14.7
-4.249	14.3
-4.254	15.5
-4.260	19.8
-4.265	22.3
-4.270	19.7
-4.275	16.8
-4.281	16.3
-4.286	16.5
-4.291	14.5
-4.297	11.4
-4.302	9.0
-4.307	7.9
-4.313	8.3
-4.318	10.5
-4.323	13.2
-4.329	14.1
-4.334	13.5
-4.339	14.5
-4.345	18.5
-4.350	21.1
-4.355	18.8
-4.361	16.2
-4.366	15.7
-4.371	15.1
-4.377	12.7
-4.382	10.0
-4.387	8.0
-4.392	7.3
-4.398	8.1
-4.403	10.4
-4.408	12.6
-4.414	13.3
-4.419	13.3
-4.424	15.3
-4.430	18.6
-4.435	18.8
-4.440	16.3
-4.446	14.9
-4.451	14.9
-4.456	14.0
-4.462	11.4
-4.467	9.0
-4.472	7.6
-4.478	7.6
-4.483	8.8
-4.488	10.6
-4.493	11.4
-4.499	11.3
-4.504	11.9
-4.509	14.7
-4.515	16.6
-4.520	15.5
-4.525	13.8
-4.531	13.4
-4.536	12.8
-4.541	10.8
-4.547	8.6
-4.552	7.1
-4.557	6.7
-4.563	7.6
-4.568	9.3
-4.573	10.7
-4.578	11.0
-4.584	11.4
-4.589	13.0
-4.594	14.3
-4.600	13.5
-4.605	12.2
-4.610	11.8
-4.616	11.0
-4.621	9.4
-4.626	7.6
-4.632	6.4
-4.637	6.1
-4.642	6.9
-4.648	8.3
-4.653	9.3
-4.658	9.7
-4.663	10.5
-4.669	11.9
-4.674	12.5
-4.679	11.6
-4.685	10.6
-4.690	10.2
-4.695	9.2
-4.701	7.6
-4.706	6.0
-4.711	5.2
-4.717	5.2
-4.722	6.1
-4.727	6.9
-4.733	7.3
-4.738	7.5
-4.743	8.4
-4.748	9.6
-4.754	9.7
-4.759	8.9
-4.764	8.3
-4.770	7.7
-4.775	6.9
-4.780	5.7
-4.786	4.9
-4.791	4.5
-4.796	4.9
-4.802	5.6
-4.807	6.1
-4.812	6.5
-4.818	6.9
-4.823	7.5
-4.828	7.6
-4.833	7.2
-4.839	6.8
-4.844	6.4
-4.849	5.6
-4.855	4.9
-4.860	4.2
-4.865	3.9
-4.871	3.9
-4.876	4.3
-4.881	4.9
-4.887	5.2
-4.892	5.6
-4.897	5.9
-4.902	6.0
-4.908	5.7
-4.913	5.3
-4.918	4.9
-4.924	4.5
-4.929	4.0
-4.934	3.6
-4.940	3.2
-4.945	3.3
-4.950	3.6
-4.956	3.9
-4.961	4.0
-4.966	4.0
-4.971	4.1
-4.977	4.1
-4.982	4.1
-4.987	4.1
-4.993	3.8
-4.998	3.4
-5.003	3.0
-5.009	2.7
-5.014	2.6
-5.019	2.7
-5.025	2.7
-5.030	2.9
-5.035	2.9
-5.040	3.0
-5.046	3.0
-5.051	3.1
-5.056	3.1
-5.062	3.0
-5.067	2.7
-5.072	2.5
-5.078	2.2
-5.083	2.1
-5.088	2.0
-5.094	2.0
-5.099	2.0
-5.104	2.0
-5.109	2.0
-5.115	2.1
-5.120	2.0
-5.125	2.0
-5.131	1.9
-5.136	1.9
-5.141	1.6
-5.147	1.5
-5.152	1.4
-5.157	1.4
-5.162	1.4
-5.168	1.4
-5.173	1.4
-5.178	1.3
-5.184	1.2
-5.189	1.2
-5.194	1.2
-5.200	1.2
-5.205	1.2
-5.210	1.2
-5.216	1.1
-5.221	1.1
-5.226	1.0
-5.231	0.9
-5.237	0.9
-5.242	0.9
-5.247	0.9
-5.253	0.8
-5.258	0.8
-5.263	0.8
-5.269	0.8
-5.274	0.8
-5.279	0.8
-5.284	0.8
-5.290	0.7
-5.295	0.7
-5.300	0.7
-5.306	0.7
-5.311	0.7
-5.316	0.7
-5.322	0.7
-5.327	0.7
-5.332	0.7
-5.337	0.7
-5.343	0.6
-5.348	0.6
-5.353	0.5
-5.359	0.5
-5.364	0.5
-5.369	0.5
-5.375	0.4
-5.380	0.4
-5.385	0.4
-5.390	0.4
-5.396	0.4
-5.401	0.4
-5.406	0.4
-5.412	0.4
-5.417	0.4
-5.422	0.4
-5.428	0.4
-5.433	0.4
-5.438	0.4
-5.443	0.4
-5.449	0.4
-5.454	0.4
