&a / °	I1 / %
5.459	0.0
5.454	0.0
5.449	0.0
5.443	0.0
5.438	0.0
5.433	0.0
5.428	0.0
5.422	0.0
5.417	0.0
5.412	0.0
5.406	0.0
5.401	0.0
5.396	0.0
5.390	0.0
5.385	0.0
5.380	0.0
5.375	0.0
5.369	0.0
5.364	0.0
5.359	0.0
5.353	0.0
5.348	0.0
5.343	0.0
5.337	0.0
5.332	0.0
5.327	0.0
5.322	0.0
5.316	0.0
5.311	0.0
5.306	0.0
5.300	0.0
5.295	0.0
5.290	0.0
5.284	0.0
5.279	0.0
5.274	0.0
5.269	0.0
5.263	0.0
5.258	0.0
5.253	0.0
5.247	0.0
5.242	0.0
5.237	0.0
5.231	0.0
5.226	0.0
5.221	0.0
5.216	0.0
5.210	0.0
5.205	0.0
5.200	0.0
5.194	0.0
5.189	0.0
5.184	0.0
5.178	0.1
5.173	0.1
5.168	0.1
5.162	0.1
5.157	0.1
5.152	0.1
5.147	0.1
5.141	0.1
5.136	0.1
5.131	0.1
5.125	0.1
5.120	0.1
5.115	0.2
5.109	0.2
5.104	0.2
5.099	0.1
5.094	0.2
5.088	0.2
5.083	0.4
5.078	0.4
5.072	0.4
5.067	0.4
5.062	0.5
5.056	0.5
5.051	0.5
5.046	0.5
5.040	0.5
5.035	0.5
5.030	0.5
5.025	0.5
5.019	0.8
5.014	0.8
5.009	1.0
5.003	1.1
4.998	1.2
4.993	1.2
4.987	1.3
4.982	1.3
4.977	1.5
4.971	1.6
4.966	1.6
4.961	1.6
4.956	1.6
4.950	1.6
4.945	1.6
4.940	1.8
4.934	2.2
4.929	2.3
4.924	2.4
4.918	2.7
4.913	2.9
4.908	2.9
4.902	2.9
4.897	2.9
4.892	3.0
4.887	2.9
4.881	2.7
4.876	2.4
4.871	2.4
4.865	2.7
4.860	3.1
4.855	3.5
4.849	3.9
4.844	4.1
4.839	4.5
4.833	4.6
4.828	4.5
4.823	4.4
4.818	4.3
4.812	4.2
4.807	3.8
4.802	3.4
4.796	3.4
4.791	3.6
4.786	4.0
4.780	4.4
4.775	4.9
4.770	5.3
4.764	6.0
4.759	6.6
4.754	6.7
4.748	6.4
4.743	6.1
4.738	6.1
4.733	5.7
4.727	4.9
4.722	4.2
4.717	3.8
4.711	4.2
4.706	5.0
4.701	5.7
4.695	6.1
4.690	6.6
4.685	7.8
4.679	9.0
4.674	9.0
4.669	8.2
4.663	7.6
4.658	7.6
4.653	7.6
4.648	6.8
4.642	5.5
4.637	4.7
4.632	5.0
4.626	6.2
4.621	7.3
4.616	7.8
4.610	8.0
4.605	9.1
4.600	10.7
4.594	11.4
4.589	10.5
4.584	9.3
4.578	9.2
4.573	9.6
4.568	8.8
4.563	7.3
4.557	5.9
4.552	5.5
4.547	6.3
4.541	7.8
4.536	8.8
4.531	9.0
4.525	9.6
4.520	11.6
4.515	13.4
4.509	13.0
4.504	11.0
4.499	10.0
4.493	10.4
4.488	10.8
4.483	9.6
4.478	7.6
4.472	6.1
4.467	6.0
4.462	7.3
4.456	9.3
4.451	10.3
4.446	10.3
4.440	10.8
4.435	13.4
4.430	16.0
4.424	15.6
4.419	13.2
4.414	11.8
4.408	12.1
4.403	12.3
4.398	10.7
4.392	8.4
4.387	6.8
4.382	6.4
4.377	7.5
4.371	9.9
4.366	11.4
4.361	11.4
4.355	11.3
4.350	13.7
4.345	17.3
4.339	17.7
4.334	15.0
4.329	12.9
4.323	12.8
4.318	13.2
4.313	12.0
4.307	9.6
4.302	7.6
4.297	6.6
4.291	7.0
4.286	9.3
4.281	11.9
4.275	12.6
4.270	11.9
4.265	12.3
4.260	15.9
4.254	19.0
4.249	17.8
4.244	14.8
4.238	13.5
4.233	14.2
4.228	14.4
4.222	12.4
4.217	9.7
4.212	7.8
4.206	6.9
4.201	7.5
4.196	10.1
4.190	12.5
4.185	13.0
4.180	12.6
4.174	13.0
4.169	16.2
4.164	19.0
4.158	18.2
4.153	15.5
4.148	14.3
4.143	15.1
4.137	15.5
4.132	13.4
4.127	10.5
4.121	8.3
4.116	7.1
4.111	7.2
4.105	9.6
4.100	12.8
4.095	14.0
4.089	13.3
4.084	13.2
4.079	16.3
4.073	21.1
4.068	21.0
4.063	17.6
4.057	15.2
4.052	15.2
4.047	16.1
4.041	15.0
4.036	12.3
4.031	9.7
4.025	8.0
4.020	7.2
4.015	8.2
4.009	11.3
4.004	14.0
3.999	14.4
3.994	13.6
3.988	13.9
3.983	18.1
3.978	22.4
3.972	21.1
3.967	17.6
3.962	15.5
3.956	15.9
3.951	16.6
3.946	15.2
3.940	12.5
3.935	9.9
3.930	8.1
3.924	7.4
3.919	8.2
3.914	10.9
3.908	13.5
3.903	14.3
3.898	13.9
3.892	13.8
3.887	17.2
3.882	22.3
3.876	22.4
3.871	19.2
3.866	16.3
3.860	15.9
3.855	16.8
3.850	16.4
3.844	14.0
3.839	11.3
3.834	9.2
3.829	7.9
3.823	7.6
3.818	9.3
3.813	12.7
3.807	15.0
3.802	15.1
3.797	14.2
3.791	14.6
3.786	19.0
3.781	23.1
3.775	22.0
3.770	18.5
3.765	16.1
3.759	16.0
3.754	16.8
3.749	16.4
3.743	14.5
3.738	12.0
3.733	9.8
3.727	8.3
3.722	7.9
3.717	9.2
3.711	12.4
3.706	14.9
3.701	15.5
3.695	14.7
3.690	14.6
3.685	17.7
3.679	22.5
3.674	23.3
3.669	20.8
3.663	17.8
3.658	16.7
3.653	17.0
3.647	17.1
3.642	15.8
3.637	13.6
3.632	11.1
3.626	9.2
3.621	8.0
3.616	8.0
3.610	9.9
3.605	13.2
3.600	15.4
3.594	15.5
3.589	14.5
3.584	14.5
3.578	17.5
3.573	21.5
3.568	22.5
3.562	20.8
3.557	18.2
3.552	17.0
3.546	17.2
3.541	17.2
3.536	16.0
3.530	14.0
3.525	11.8
3.520	9.9
3.514	8.6
3.509	8.2
3.504	9.3
3.498	12.2
3.493	14.9
3.488	16.0
3.482	15.6
3.477	14.8
3.472	16.1
3.466	20.2
3.461	23.2
3.456	22.8
3.450	20.4
3.445	18.1
3.440	17.3
3.434	17.4
3.429	17.3
3.424	16.4
3.418	14.5
3.413	12.2
3.408	10.2
3.402	8.9
3.397	8.3
3.392	9.2
3.386	11.4
3.381	14.0
3.376	15.4
3.370	15.7
3.365	15.0
3.360	15.6
3.354	18.3
3.349	21.2
3.344	22.1
3.338	21.3
3.333	19.0
3.328	17.6
3.322	17.2
3.317	17.3
3.312	17.0
3.306	15.8
3.301	13.7
3.296	11.5
3.291	9.5
3.285	8.3
3.280	7.9
3.275	8.7
3.269	10.4
3.264	12.2
3.259	13.1
3.253	13.2
3.248	13.1
3.243	14.4
3.237	17.8
3.232	21.6
3.227	23.3
3.221	22.4
3.216	20.1
3.211	18.5
3.205	18.0
3.200	18.0
3.195	17.9
3.189	17.2
3.184	15.4
3.179	13.2
3.173	11.1
3.168	9.5
3.163	8.7
3.157	8.8
3.152	10.4
3.147	13.4
3.141	16.0
3.136	16.9
3.131	16.3
3.125	15.5
3.120	16.2
3.115	19.4
3.109	23.3
3.104	25.3
3.099	24.1
3.093	21.4
3.088	19.3
3.083	18.6
3.077	18.7
3.072	18.7
3.067	18.2
3.061	16.6
3.056	14.5
3.051	12.3
3.045	10.5
3.040	9.4
3.035	9.0
3.029	9.8
3.024	12.2
3.019	15.4
3.013	17.4
3.008	17.6
3.003	16.8
2.997	16.0
2.992	17.2
2.987	20.8
2.981	24.7
2.976	26.4
2.971	25.1
2.965	22.3
2.960	19.9
2.955	18.9
2.949	18.9
2.944	19.2
2.939	18.9
2.933	17.7
2.928	15.6
2.923	13.4
2.917	11.3
2.912	9.8
2.907	8.9
2.901	9.0
2.896	10.5
2.891	13.5
2.885	16.5
2.880	18.0
2.875	17.8
2.869	17.0
2.864	16.3
2.859	17.5
2.853	21.0
2.848	25.0
2.843	27.0
2.837	26.1
2.832	23.5
2.827	21.0
2.821	19.5
2.816	19.3
2.811	19.5
2.805	19.5
2.800	18.6
2.795	16.9
2.789	14.6
2.784	12.2
2.779	10.2
2.773	9.0
2.768	8.4
2.763	8.8
2.757	10.5
2.752	13.6
2.747	16.8
2.741	18.6
2.736	19.6
2.731	18.1
2.725	17.0
2.720	17.4
2.715	20.2
2.709	23.6
2.704	26.0
2.699	26.5
2.693	24.9
2.688	22.0
2.683	19.6
2.677	18.5
2.672	18.6
2.667	19.1
2.661	19.2
2.656	18.4
2.651	16.9
2.645	14.8
2.640	12.7
2.635	10.9
2.629	9.6
2.624	8.9
2.619	8.9
2.613	10.1
2.608	12.8
2.602	16.1
2.597	18.5
2.592	19.4
2.586	18.6
2.581	17.4
2.576	16.6
2.570	17.6
2.565	21.0
2.560	25.3
2.554	28.0
2.549	28.0
2.544	25.7
2.538	22.8
2.533	20.4
2.528	19.2
2.522	19.1
2.517	19.4
2.512	19.4
2.506	18.9
2.501	17.8
2.496	15.9
2.490	13.7
2.485	11.8
2.480	10.2
2.474	9.2
2.469	8.7
2.464	9.0
2.458	10.1
2.453	12.6
2.448	15.7
2.442	18.3
2.437	19.4
2.432	19.1
2.426	17.8
2.421	16.7
2.416	16.7
2.410	18.7
2.405	22.6
2.400	26.4
2.394	28.4
2.389	27.9
2.384	25.4
2.378	22.4
2.373	20.0
2.368	18.7
2.362	18.6
2.357	19.0
2.352	19.4
2.346	19.4
2.341	18.6
2.336	17.0
2.330	14.9
2.325	12.7
2.320	11.0
2.314	9.7
2.309	8.9
2.304	8.7
2.298	9.1
2.293	10.2
2.288	12.5
2.282	15.6
2.277	18.3
2.272	19.8
2.266	19.8
2.261	18.2
2.256	16.0
2.250	14.5
2.245	14.7
2.240	17.2
2.234	21.7
2.229	26.4
2.223	28.7
2.218	28.4
2.213	25.8
2.207	22.6
2.202	19.9
2.197	18.2
2.191	17.7
2.186	18.2
2.181	19.0
2.175	19.0
2.170	18.3
2.165	17.2
2.159	15.9
2.154	14.4
2.149	12.5
2.143	11.0
2.138	9.8
2.133	9.0
2.127	8.6
2.122	8.8
2.117	9.5
2.111	11.1
2.106	13.7
2.101	16.7
2.095	19.2
2.090	20.3
2.085	20.0
2.079	18.8
2.074	17.4
2.069	16.5
2.063	16.4
2.058	17.9
2.053	21.1
2.047	25.2
2.042	28.4
2.037	29.5
2.031	28.1
2.026	25.3
2.021	22.1
2.015	19.5
2.010	18.1
2.005	17.7
1.999	18.0
1.994	18.7
1.989	19.4
1.983	19.5
1.978	18.9
1.972	17.6
1.967	15.9
1.962	13.9
1.956	11.9
1.951	10.3
1.946	9.1
1.940	8.6
1.935	8.2
1.930	8.3
1.924	8.7
1.919	9.6
1.914	11.2
1.908	13.7
1.903	16.5
1.898	18.9
1.892	20.2
1.887	20.2
1.882	19.3
1.876	18.0
1.871	16.6
1.866	15.8
1.860	15.9
1.855	17.4
1.850	20.6
1.844	24.6
1.839	28.0
1.834	29.7
1.828	28.9
1.823	26.6
1.818	23.5
1.812	20.7
1.807	18.6
1.802	17.5
1.796	17.2
1.791	17.6
1.786	18.5
1.780	19.4
1.775	19.9
1.769	19.9
1.764	19.2
1.759	17.8
1.753	16.0
1.748	14.2
1.743	12.4
1.737	11.1
1.732	9.9
1.727	9.2
1.721	8.7
1.716	8.5
1.711	8.5
1.705	8.9
1.700	9.6
1.695	10.9
1.689	13.1
1.684	15.8
1.679	18.3
1.673	20.1
1.668	20.8
1.663	20.6
1.657	19.7
1.652	18.4
1.647	17.1
1.641	16.2
1.636	15.9
1.631	16.5
1.625	18.3
1.620	21.5
1.615	25.7
1.609	29.5
1.604	31.6
1.599	31.6
1.593	29.6
1.588	26.5
1.582	23.3
1.577	20.6
1.572	18.7
1.566	17.7
1.561	17.4
1.556	17.5
1.550	18.0
1.545	19.0
1.540	20.0
1.534	21.1
1.529	21.3
1.524	20.7
1.518	19.4
1.513	17.8
1.508	15.8
1.502	13.9
1.497	12.3
1.492	11.0
1.486	9.9
1.481	9.1
1.476	8.5
1.470	8.3
1.465	8.3
1.460	8.7
1.454	9.0
1.449	9.6
1.444	10.4
1.438	12.0
1.433	14.0
1.428	16.5
1.422	19.1
1.417	21.2
1.411	22.4
1.406	22.5
1.401	21.8
1.395	20.6
1.390	19.2
1.385	17.9
1.379	16.9
1.374	16.3
1.369	16.3
1.363	16.9
1.358	18.3
1.353	20.7
1.347	24.0
1.342	28.0
1.337	31.6
1.331	33.6
1.326	33.5
1.321	31.4
1.315	28.3
1.310	25.0
1.305	22.0
1.299	19.8
1.294	18.3
1.289	17.4
1.283	17.0
1.278	17.2
1.273	17.8
1.267	18.7
1.262	19.9
1.256	21.0
1.251	21.6
1.246	21.7
1.240	21.6
1.235	21.2
1.230	20.4
1.224	19.0
1.219	17.4
1.214	15.7
1.208	14.1
1.203	12.7
1.198	11.5
1.192	10.7
1.187	10.0
1.182	9.5
1.176	9.1
1.171	8.8
1.166	8.8
1.160	8.7
1.155	8.7
1.150	8.7
1.144	9.1
1.139	9.8
1.134	10.9
1.128	12.1
1.123	13.3
1.118	14.8
1.112	16.6
1.107	18.6
1.101	20.6
1.096	21.9
1.091	22.7
1.085	23.0
1.080	22.9
1.075	22.1
1.069	20.9
1.064	19.7
1.059	18.5
1.053	17.4
1.048	16.6
1.043	15.9
1.037	15.7
1.032	16.0
1.027	16.9
1.021	18.2
1.016	20.2
1.011	22.8
1.005	26.0
1.000	29.5
0.995	32.7
0.989	35.2
0.984	36.1
0.979	35.7
0.973	34.1
0.968	31.8
0.962	29.1
0.957	26.4
0.952	23.4
0.946	20.9
0.941	19.0
0.936	18.0
0.930	17.2
0.925	16.8
0.920	16.6
0.914	16.4
0.909	15.9
0.904	15.1
0.898	14.7
0.893	14.7
0.888	15.1
0.882	16.1
0.877	17.8
0.872	19.9
0.866	21.8
0.861	23.0
0.856	23.4
0.850	23.1
0.845	22.2
0.840	20.9
0.834	19.7
0.829	18.4
0.823	17.0
0.818	15.5
0.813	14.2
0.807	13.0
0.802	12.0
0.797	11.2
0.791	10.6
0.786	10.2
0.781	9.8
0.775	9.4
0.770	9.1
0.765	8.9
0.759	8.7
0.754	8.7
0.749	8.6
0.743	8.6
0.738	8.6
0.733	8.6
0.727	8.7
0.722	8.9
0.717	9.1
0.711	9.4
0.706	9.7
0.701	10.0
0.695	10.4
0.690	10.9
0.684	11.5
0.679	12.2
0.674	13.0
0.668	14.1
0.663	15.2
0.658	16.4
0.652	17.7
0.647	18.9
0.642	19.9
0.636	21.0
0.631	22.1
0.626	23.0
0.620	23.4
0.615	23.6
0.610	23.6
0.604	23.3
0.599	22.9
0.594	22.5
0.588	21.8
0.583	21.0
0.578	20.2
0.572	19.4
0.567	18.7
0.561	18.2
0.556	17.8
0.551	17.4
0.545	16.9
0.540	16.5
0.535	16.1
0.529	15.9
0.524	15.7
0.519	15.6
0.513	15.6
0.508	15.6
0.503	15.7
0.497	15.8
0.492	15.9
0.487	16.2
0.481	16.7
0.476	17.6
0.471	18.6
0.465	19.5
0.460	20.6
0.455	21.8
0.449	23.1
0.444	24.4
0.438	25.7
0.433	27.0
0.428	28.3
0.422	29.8
0.417	31.2
0.412	32.4
0.406	33.5
0.401	34.3
0.396	34.8
0.390	35.1
0.385	35.2
0.380	35.0
0.374	34.7
0.369	34.2
0.364	33.3
0.358	32.5
0.353	31.5
0.348	30.7
0.342	29.9
0.337	29.1
0.332	28.3
0.326	27.4
0.321	26.5
0.316	25.6
0.310	24.7
0.305	23.8
0.299	23.0
0.294	22.2
0.289	21.5
0.283	20.8
0.278	20.1
0.273	19.6
0.267	19.0
0.262	18.6
0.257	18.1
0.251	17.8
0.246	17.6
0.241	17.4
0.235	17.1
0.230	16.9
0.225	16.8
0.219	16.6
0.214	16.3
0.209	16.3
0.203	16.2
0.198	16.2
0.193	16.2
0.187	16.2
0.182	16.1
0.176	16.1
0.171	16.1
0.166	16.1
0.160	16.0
0.155	16.0
0.150	16.0
0.144	16.0
0.139	16.0
0.134	16.0
0.128	16.0
0.123	16.1
0.118	16.1
0.112	16.2
0.107	16.2
0.102	16.2
0.096	16.2
0.091	16.3
0.086	16.3
0.080	16.3
0.075	16.3
0.070	16.4
0.064	16.4
0.059	16.4
0.053	16.4
0.048	16.4
0.043	16.5
0.037	16.5
0.032	16.5
0.027	16.6
0.021	16.6
0.016	16.7
0.011	16.7
0.005	16.7
0.000	17.0
-0.005	16.9
-0.011	16.8
-0.016	16.8
-0.021	16.8
-0.027	16.9
-0.032	16.8
-0.037	16.9
-0.043	16.9
-0.048	16.9
-0.053	16.9
-0.059	16.9
-0.064	16.8
-0.070	16.9
-0.075	16.8
-0.080	16.8
-0.086	16.8
-0.091	16.8
-0.096	16.8
-0.102	16.8
-0.107	16.5
-0.112	16.2
-0.118	16.1
-0.123	16.1
-0.128	16.5
-0.134	16.9
-0.139	16.9
-0.144	17.0
-0.150	17.1
-0.155	17.2
-0.160	17.2
-0.166	17.3
-0.171	17.5
-0.176	17.8
-0.182	18.0
-0.187	18.4
-0.193	18.7
-0.198	18.9
-0.203	19.0
-0.209	19.4
-0.214	20.0
-0.219	20.6
-0.225	21.1
-0.230	21.7
-0.235	22.3
-0.241	22.8
-0.246	23.4
-0.251	24.1
-0.257	24.9
-0.262	25.7
-0.267	26.5
-0.273	27.0
-0.278	27.4
-0.283	28.1
-0.289	29.1
-0.294	30.3
-0.299	31.1
-0.305	31.7
-0.310	32.4
-0.316	33.2
-0.321	33.6
-0.326	34.0
-0.332	34.4
-0.337	34.7
-0.342	34.7
-0.348	34.6
-0.353	34.3
-0.358	33.8
-0.364	33.2
-0.369	32.5
-0.374	31.7
-0.380	30.8
-0.385	30.0
-0.390	28.9
-0.396	27.6
-0.401	26.4
-0.406	25.3
-0.412	24.1
-0.417	23.0
-0.422	21.9
-0.428	20.9
-0.433	20.1
-0.438	19.4
-0.444	18.8
-0.449	18.2
-0.455	17.8
-0.460	17.4
-0.465	17.1
-0.471	16.9
-0.476	16.8
-0.481	16.9
-0.487	16.9
-0.492	16.8
-0.497	16.5
-0.503	16.5
-0.508	16.9
-0.513	17.6
-0.519	18.3
-0.524	18.8
-0.529	19.3
-0.535	19.7
-0.540	20.0
-0.545	19.8
-0.551	19.6
-0.556	19.5
-0.561	19.6
-0.567	19.6
-0.572	19.5
-0.578	19.3
-0.583	19.0
-0.588	18.7
-0.594	18.4
-0.599	18.0
-0.604	17.6
-0.610	16.8
-0.615	16.0
-0.620	15.2
-0.626	14.4
-0.631	13.7
-0.636	13.3
-0.642	12.8
-0.647	12.1
-0.652	11.5
-0.658	10.9
-0.663	10.4
-0.668	10.0
-0.674	9.6
-0.679	9.3
-0.684	9.1
-0.690	9.0
-0.695	8.9
-0.701	8.9
-0.706	8.9
-0.711	9.0
-0.717	9.1
-0.722	9.4
-0.727	9.6
-0.733	9.9
-0.738	10.3
-0.743	10.7
-0.749	11.3
-0.754	12.0
-0.759	12.8
-0.765	13.6
-0.770	14.5
-0.775	15.6
-0.781	16.5
-0.786	17.7
-0.791	18.6
-0.797	19.0
-0.802	19.4
-0.807	19.8
-0.813	20.4
-0.818	20.8
-0.823	20.9
-0.829	20.7
-0.834	20.2
-0.840	19.8
-0.845	19.1
-0.850	18.6
-0.856	18.1
-0.861	17.8
-0.866	17.7
-0.872	17.8
-0.877	18.0
-0.882	18.5
-0.888	19.3
-0.893	20.4
-0.898	21.7
-0.904	23.2
-0.909	24.8
-0.914	26.3
-0.920	27.5
-0.925	28.3
-0.930	29.0
-0.936	28.9
-0.941	28.4
-0.946	27.8
-0.952	27.4
-0.957	26.5
-0.962	25.1
-0.968	23.5
-0.973	21.9
-0.979	20.5
-0.984	19.3
-0.989	18.5
-0.995	18.1
-1.000	17.8
-1.005	17.8
-1.011	18.0
-1.016	18.2
-1.021	18.5
-1.027	18.6
-1.032	18.7
-1.037	18.7
-1.043	18.6
-1.048	18.3
-1.053	18.0
-1.059	17.5
-1.064	17.0
-1.069	16.2
-1.075	15.4
-1.080	14.4
-1.085	13.4
-1.091	12.4
-1.096	11.6
-1.101	10.8
-1.107	10.4
-1.112	10.0
-1.118	9.7
-1.123	9.7
-1.128	9.7
-1.134	9.8
-1.139	10.2
-1.144	10.7
-1.150	11.5
-1.155	12.1
-1.160	12.9
-1.166	13.8
-1.171	15.2
-1.176	16.8
-1.182	18.4
-1.187	19.7
-1.192	20.5
-1.198	20.8
-1.203	20.6
-1.208	20.0
-1.214	19.2
-1.219	18.5
-1.224	18.0
-1.230	17.7
-1.235	17.9
-1.240	18.4
-1.246	19.5
-1.251	20.7
-1.256	22.3
-1.262	23.9
-1.267	25.2
-1.273	26.3
-1.278	26.9
-1.283	27.0
-1.289	26.7
-1.294	25.9
-1.299	24.6
-1.305	22.9
-1.310	21.2
-1.315	19.7
-1.321	18.7
-1.326	17.9
-1.331	17.4
-1.337	16.9
-1.342	16.9
-1.347	17.0
-1.353	17.3
-1.358	17.3
-1.363	17.2
-1.369	16.9
-1.374	16.5
-1.379	15.8
-1.385	14.9
-1.390	13.8
-1.395	12.8
-1.401	11.9
-1.406	11.1
-1.411	10.4
-1.417	10.0
-1.422	9.8
-1.428	9.8
-1.433	10.0
-1.438	10.4
-1.444	11.1
-1.449	11.9
-1.454	13.0
-1.460	14.2
-1.465	15.5
-1.470	16.9
-1.476	18.0
-1.481	18.7
-1.486	18.8
-1.492	18.5
-1.497	18.0
-1.502	17.6
-1.508	17.4
-1.513	17.3
-1.518	17.7
-1.524	18.7
-1.529	20.1
-1.534	21.9
-1.540	23.2
-1.545	24.3
-1.550	25.0
-1.556	24.9
-1.561	24.2
-1.566	23.1
-1.572	21.9
-1.577	20.3
-1.582	19.0
-1.588	18.1
-1.593	17.5
-1.599	17.2
-1.604	17.0
-1.609	17.0
-1.615	16.6
-1.620	15.9
-1.625	15.3
-1.631	14.9
-1.636	14.6
-1.641	13.9
-1.647	13.0
-1.652	11.9
-1.657	11.0
-1.663	10.3
-1.668	9.9
-1.673	9.9
-1.679	10.0
-1.684	10.5
-1.689	11.3
-1.695	12.5
-1.700	13.9
-1.705	15.5
-1.711	16.9
-1.716	18.0
-1.721	18.6
-1.727	18.7
-1.732	18.4
-1.737	18.0
-1.743	17.9
-1.748	18.2
-1.753	18.9
-1.759	20.1
-1.764	21.2
-1.769	21.9
-1.775	22.4
-1.780	22.9
-1.786	23.2
-1.791	23.2
-1.796	22.5
-1.802	21.3
-1.807	19.8
-1.812	18.7
-1.818	17.9
-1.823	17.4
-1.828	17.0
-1.834	16.6
-1.839	16.5
-1.844	16.2
-1.850	15.8
-1.855	15.2
-1.860	14.3
-1.866	13.2
-1.871	12.1
-1.876	11.2
-1.882	10.5
-1.887	10.1
-1.892	10.2
-1.898	10.7
-1.903	11.5
-1.908	12.8
-1.914	14.3
-1.919	15.9
-1.924	17.2
-1.930	18.2
-1.935	18.6
-1.940	18.5
-1.946	18.2
-1.951	18.1
-1.956	18.5
-1.962	19.4
-1.967	20.8
-1.972	22.4
-1.978	23.6
-1.983	24.2
-1.989	24.3
-1.994	23.8
-1.999	22.7
-2.005	21.1
-2.010	19.6
-2.015	18.5
-2.021	17.7
-2.026	17.2
-2.031	16.7
-2.037	16.2
-2.042	15.6
-2.047	14.9
-2.053	14.1
-2.058	13.2
-2.063	12.2
-2.069	11.2
-2.074	10.5
-2.079	10.1
-2.085	10.1
-2.090	10.7
-2.095	11.9
-2.101	13.4
-2.106	15.1
-2.111	16.7
-2.117	18.0
-2.122	18.7
-2.127	18.6
-2.133	18.4
-2.138	18.4
-2.143	18.8
-2.149	19.8
-2.154	21.3
-2.159	22.7
-2.165	23.7
-2.170	24.2
-2.175	24.0
-2.181	23.1
-2.186	21.5
-2.191	19.9
-2.197	18.7
-2.202	17.8
-2.207	17.2
-2.213	16.4
-2.218	15.8
-2.223	15.4
-2.229	15.0
-2.234	13.8
-2.240	12.5
-2.245	11.2
-2.250	10.3
-2.256	9.9
-2.261	10.0
-2.266	10.7
-2.272	12.0
-2.277	13.6
-2.282	15.3
-2.288	16.7
-2.293	17.7
-2.298	18.2
-2.304	18.2
-2.309	18.2
-2.314	18.8
-2.320	19.9
-2.325	21.3
-2.330	22.8
-2.336	23.8
-2.341	24.1
-2.346	23.5
-2.352	22.0
-2.357	20.3
-2.362	18.7
-2.368	17.8
-2.373	17.4
-2.378	17.0
-2.384	16.6
-2.389	16.0
-2.394	15.2
-2.400	14.1
-2.405	12.7
-2.410	11.5
-2.416	10.7
-2.421	10.3
-2.426	10.6
-2.432	11.5
-2.437	13.0
-2.442	14.7
-2.448	16.4
-2.453	17.5
-2.458	18.1
-2.464	18.1
-2.469	18.1
-2.474	18.5
-2.480	19.7
-2.485	21.6
-2.490	22.9
-2.496	23.4
-2.501	22.9
-2.506	21.8
-2.512	20.1
-2.517	18.7
-2.522	17.7
-2.528	17.3
-2.533	16.8
-2.538	16.4
-2.544	15.7
-2.549	14.9
-2.554	13.6
-2.560	12.2
-2.565	11.0
-2.570	10.3
-2.576	10.2
-2.581	10.8
-2.586	12.0
-2.592	13.6
-2.597	15.4
-2.602	16.7
-2.608	17.1
-2.613	17.1
-2.619	17.1
-2.624	17.9
-2.629	19.1
-2.635	20.7
-2.640	22.0
-2.645	22.8
-2.651	22.6
-2.656	21.5
-2.661	19.8
-2.667	18.3
-2.672	17.3
-2.677	16.5
-2.683	15.3
-2.688	14.4
-2.693	13.4
-2.699	12.7
-2.704	11.5
-2.709	10.3
-2.715	9.6
-2.720	9.5
-2.725	10.0
-2.731	11.4
-2.736	14.2
-2.741	15.7
-2.747	16.6
-2.752	17.0
-2.757	17.0
-2.763	17.3
-2.768	18.2
-2.773	19.5
-2.779	20.8
-2.784	21.9
-2.789	22.0
-2.795	21.0
-2.800	19.2
-2.805	17.6
-2.811	16.4
-2.816	15.6
-2.821	15.1
-2.827	14.4
-2.832	13.4
-2.837	12.1
-2.843	10.8
-2.848	9.8
-2.853	9.4
-2.859	9.7
-2.864	10.6
-2.869	12.2
-2.875	14.1
-2.880	15.6
-2.885	16.3
-2.891	16.5
-2.896	16.6
-2.901	17.5
-2.907	18.8
-2.912	20.2
-2.917	21.0
-2.923	20.8
-2.928	19.7
-2.933	18.0
-2.939	16.4
-2.944	15.6
-2.949	15.2
-2.955	14.8
-2.960	14.2
-2.965	13.1
-2.971	11.6
-2.976	10.3
-2.981	9.5
-2.987	9.7
-2.992	10.6
-2.997	12.2
-3.003	14.3
-3.008	16.0
-3.013	16.7
-3.019	16.9
-3.024	17.2
-3.029	18.3
-3.035	20.0
-3.040	21.7
-3.045	21.9
-3.051	21.1
-3.056	19.3
-3.061	17.5
-3.067	16.3
-3.072	15.9
-3.077	15.1
-3.083	14.5
-3.088	13.3
-3.093	11.8
-3.099	10.4
-3.104	9.6
-3.109	9.6
-3.115	10.5
-3.120	12.0
-3.125	13.9
-3.131	15.5
-3.136	16.4
-3.141	16.7
-3.147	17.3
-3.152	18.5
-3.157	20.1
-3.163	21.8
-3.168	22.6
-3.173	21.8
-3.179	19.6
-3.184	17.6
-3.189	16.6
-3.195	16.0
-3.200	15.4
-3.205	14.3
-3.211	12.8
-3.216	11.1
-3.221	9.8
-3.227	9.5
-3.232	10.2
-3.237	11.8
-3.243	14.2
-3.248	16.1
-3.253	16.9
-3.259	16.7
-3.264	16.8
-3.269	17.9
-3.275	20.0
-3.280	20.6
-3.285	19.3
-3.291	17.0
-3.296	15.0
-3.301	13.8
-3.306	13.8
-3.312	14.2
-3.317	14.2
-3.322	13.3
-3.328	11.7
-3.333	10.1
-3.338	9.4
-3.344	9.6
-3.349	10.8
-3.354	12.8
-3.360	15.2
-3.365	16.4
-3.370	16.4
-3.376	16.0
-3.381	16.6
-3.386	18.6
-3.392	20.8
-3.397	21.8
-3.402	20.5
-3.408	17.7
-3.413	16.1
-3.418	15.6
-3.424	15.3
-3.429	14.6
-3.434	13.0
-3.440	11.1
-3.445	9.5
-3.450	8.9
-3.456	9.3
-3.461	10.6
-3.466	12.9
-3.472	15.1
-3.477	16.0
-3.482	15.9
-3.488	15.9
-3.493	17.3
-3.498	19.3
-3.504	20.6
-3.509	20.0
-3.514	17.4
-3.520	15.5
-3.525	15.0
-3.530	15.0
-3.536	14.6
-3.541	13.1
-3.546	10.9
-3.552	9.3
-3.557	8.5
-3.562	8.9
-3.568	10.4
-3.573	12.9
-3.578	15.2
-3.584	15.9
-3.589	15.4
-3.594	15.6
-3.600	17.4
-3.605	20.4
-3.610	21.8
-3.616	19.6
-3.621	16.5
-3.626	15.1
-3.632	14.8
-3.637	14.8
-3.642	13.7
-3.647	11.7
-3.653	9.5
-3.658	8.4
-3.663	8.3
-3.669	9.5
-3.674	12.0
-3.679	14.8
-3.685	15.9
-3.690	15.4
-3.695	15.1
-3.701	16.8
-3.706	20.2
-3.711	22.2
-3.717	19.8
-3.722	16.6
-3.727	15.2
-3.733	15.2
-3.738	15.1
-3.743	13.6
-3.749	11.0
-3.754	9.0
-3.759	8.2
-3.765	8.3
-3.770	9.8
-3.775	12.8
-3.781	15.2
-3.786	15.5
-3.791	14.6
-3.797	14.9
-3.802	17.6
-3.807	21.2
-3.813	20.8
-3.818	17.3
-3.823	15.3
-3.829	15.1
-3.834	15.2
-3.839	14.0
-3.844	11.4
-3.850	9.1
-3.855	7.9
-3.860	7.9
-3.866	9.2
-3.871	12.3
-3.876	15.1
-3.882	15.5
-3.887	14.7
-3.892	15.1
-3.898	18.1
-3.903	22.0
-3.908	20.9
-3.914	17.0
-3.919	14.5
-3.924	14.1
-3.930	14.3
-3.935	13.1
-3.940	10.5
-3.946	8.5
-3.951	7.5
-3.956	7.7
-3.962	9.4
-3.967	12.6
-3.972	14.6
-3.978	14.6
-3.983	14.0
-3.988	15.7
-3.994	20.0
-3.999	22.2
-4.004	19.0
-4.009	15.7
-4.015	14.7
-4.020	15.3
-4.025	14.7
-4.031	12.0
-4.036	9.3
-4.041	7.7
-4.047	7.3
-4.052	8.5
-4.057	11.4
-4.063	14.0
-4.068	14.4
-4.073	13.8
-4.079	15.0
-4.084	18.9
-4.089	20.9
-4.095	18.0
-4.100	15.1
-4.105	14.3
-4.111	15.0
-4.116	14.1
-4.121	11.5
-4.127	9.1
-4.132	7.8
-4.137	7.8
-4.143	9.4
-4.148	12.4
-4.153	14.1
-4.158	13.8
-4.164	13.4
-4.169	15.5
-4.174	20.0
-4.180	20.7
-4.185	17.2
-4.190	14.8
-4.196	14.7
-4.201	15.1
-4.206	13.1
-4.212	10.2
-4.217	8.1
-4.222	7.3
-4.228	8.1
-4.233	10.5
-4.238	12.7
-4.244	13.1
-4.249	12.5
-4.254	13.9
-4.260	17.9
-4.265	20.0
-4.270	17.3
-4.275	14.7
-4.281	14.2
-4.286	14.6
-4.291	13.2
-4.297	10.4
-4.302	8.4
-4.307	7.4
-4.313	7.9
-4.318	10.1
-4.323	12.2
-4.329	12.6
-4.334	11.8
-4.339	12.9
-4.345	16.7
-4.350	18.8
-4.355	16.6
-4.361	14.2
-4.366	13.8
-4.371	13.4
-4.377	11.6
-4.382	9.2
-4.387	7.4
-4.392	6.9
-4.398	7.7
-4.403	9.8
-4.408	11.5
-4.414	11.7
-4.419	11.7
-4.424	13.7
-4.430	16.5
-4.435	16.6
-4.440	14.3
-4.446	12.9
-4.451	13.0
-4.456	12.5
-4.462	10.4
-4.467	8.3
-4.472	7.1
-4.478	7.1
-4.483	8.3
-4.488	9.8
-4.493	10.1
-4.499	9.9
-4.504	10.6
-4.509	13.1
-4.515	14.8
-4.520	13.6
-4.525	12.0
-4.531	11.7
-4.536	11.3
-4.541	9.7
-4.547	7.8
-4.552	6.5
-4.557	6.3
-4.563	7.1
-4.568	8.6
-4.573	9.6
-4.578	9.7
-4.584	10.0
-4.589	11.5
-4.594	12.6
-4.600	11.8
-4.605	10.6
-4.610	10.2
-4.616	9.8
-4.621	8.4
-4.626	6.8
-4.632	5.8
-4.637	5.7
-4.642	6.4
-4.648	7.6
-4.653	8.4
-4.658	8.7
-4.663	9.3
-4.669	10.5
-4.674	10.9
-4.679	10.1
-4.685	9.2
-4.690	8.8
-4.695	8.0
-4.701	6.7
-4.706	5.5
-4.711	4.7
-4.717	4.7
-4.722	5.5
-4.727	6.3
-4.733	6.4
-4.738	6.5
-4.743	7.3
-4.748	8.3
-4.754	8.4
-4.759	7.6
-4.764	7.2
-4.770	6.8
-4.775	6.0
-4.780	5.1
-4.786	4.4
-4.791	4.1
-4.796	4.4
-4.802	4.9
-4.807	5.3
-4.812	5.5
-4.818	5.9
-4.823	6.4
-4.828	6.4
-4.833	6.1
-4.839	5.7
-4.844	5.4
-4.849	4.8
-4.855	4.2
-4.860	3.8
-4.865	3.4
-4.871	3.5
-4.876	3.9
-4.881	4.2
-4.887	4.4
-4.892	4.6
-4.897	4.9
-4.902	5.0
-4.908	4.7
-4.913	4.4
-4.918	4.1
-4.924	3.7
-4.929	3.3
-4.934	3.0
-4.940	2.8
-4.945	2.8
-4.950	3.1
-4.956	3.4
-4.961	3.5
-4.966	3.5
-4.971	3.6
-4.977	3.6
-4.982	3.6
-4.987	3.4
-4.993	3.2
-4.998	2.9
-5.003	2.6
-5.009	2.3
-5.014	2.2
-5.019	2.2
-5.025	2.3
-5.030	2.5
-5.035	2.5
-5.040	2.5
-5.046	2.6
-5.051	2.6
-5.056	2.5
-5.062	2.5
-5.067	2.2
-5.072	2.1
-5.078	1.9
-5.083	1.8
-5.088	1.7
-5.094	1.7
-5.099	1.7
-5.104	1.7
-5.109	1.7
-5.115	1.7
-5.120	1.7
-5.125	1.7
-5.131	1.6
-5.136	1.5
-5.141	1.3
-5.147	1.3
-5.152	1.2
-5.157	1.2
-5.162	1.2
-5.168	1.2
-5.173	1.2
-5.178	1.2
-5.184	1.1
-5.189	1.1
-5.194	1.1
-5.200	1.1
-5.205	1.0
-5.210	1.0
-5.216	0.9
-5.221	0.8
-5.226	0.8
-5.231	0.8
-5.237	0.8
-5.242	0.8
-5.247	0.8
-5.253	0.8
-5.258	0.8
-5.263	0.7
-5.269	0.7
-5.274	0.7
-5.279	0.6
-5.284	0.6
-5.290	0.5
-5.295	0.5
-5.300	0.5
-5.306	0.5
-5.311	0.5
-5.316	0.5
-5.322	0.5
-5.327	0.4
-5.332	0.4
-5.337	0.4
-5.343	0.4
-5.348	0.4
-5.353	0.4
-5.359	0.4
-5.364	0.4
-5.369	0.4
-5.375	0.4
-5.380	0.4
-5.385	0.4
-5.390	0.4
-5.396	0.4
-5.401	0.4
-5.406	0.4
-5.412	0.4
-5.417	0.4
-5.422	0.4
-5.428	0.4
-5.433	0.4
-5.438	0.4
-5.443	0.4
-5.449	0.4
-5.454	0.4
