&a / 	I1 /
5.459	0.3
5.454	0.3
5.449	0.3
5.443	0.3
5.438	0.3
5.433	0.3
5.428	0.3
5.422	0.3
5.417	0.3
5.412	0.3
5.406	0.3
5.401	0.3
5.396	0.3
5.390	0.3
5.385	0.3
5.380	0.3
5.375	0.3
5.369	0.3
5.364	0.3
5.359	0.3
5.353	0.3
5.348	0.3
5.343	0.3
5.337	0.3
5.332	0.3
5.327	0.3
5.322	0.3
5.316	0.3
5.311	0.3
5.306	0.3
5.300	0.3
5.295	0.3
5.290	0.3
5.284	0.3
5.279	0.3
5.274	0.3
5.269	0.3
5.263	0.3
5.258	0.3
5.253	0.3
5.247	0.3
5.242	0.3
5.237	0.3
5.231	0.3
5.226	0.3
5.221	0.3
5.216	0.3
5.210	0.3
5.205	0.3
5.200	0.3
5.194	0.3
5.189	0.3
5.184	0.4
5.178	0.4
5.173	0.4
5.168	0.4
5.162	0.4
5.157	0.5
5.152	0.6
5.147	0.6
5.141	0.7
5.136	0.7
5.131	0.7
5.125	0.7
5.120	0.7
5.115	0.7
5.109	0.7
5.104	0.7
5.099	0.7
5.094	0.7
5.088	0.7
5.083	0.8
5.078	0.8
5.072	0.9
5.067	0.9
5.062	1.0
5.056	1.0
5.051	1.0
5.046	1.1
5.040	1.1
5.035	1.1
5.030	1.1
5.025	1.1
5.019	1.1
5.014	1.2
5.009	1.5
5.003	1.5
4.998	1.6
4.993	1.6
4.987	1.7
4.982	1.8
4.977	1.9
4.971	1.9
4.966	2.0
4.961	2.0
4.956	2.0
4.950	2.0
4.945	2.1
4.940	2.4
4.934	2.6
4.929	2.7
4.924	2.8
4.918	3.0
4.913	3.2
4.908	3.2
4.902	3.2
4.897	3.2
4.892	3.3
4.887	3.3
4.881	3.3
4.876	3.0
4.871	3.0
4.865	3.3
4.860	3.7
4.855	4.1
4.849	4.3
4.844	4.5
4.839	4.9
4.833	5.1
4.828	4.9
4.823	4.6
4.818	4.6
4.812	4.6
4.807	4.5
4.802	4.2
4.796	4.1
4.791	4.2
4.786	4.7
4.780	5.1
4.775	5.5
4.770	5.8
4.764	6.5
4.759	7.2
4.754	7.2
4.748	6.8
4.743	6.5
4.738	6.5
4.733	6.4
4.727	5.6
4.722	4.9
4.717	4.6
4.711	5.1
4.706	5.8
4.701	6.3
4.695	6.5
4.690	7.1
4.685	8.3
4.679	9.5
4.674	9.6
4.669	8.8
4.663	8.0
4.658	8.0
4.653	8.3
4.648	7.6
4.642	6.4
4.637	5.6
4.632	6.0
4.626	7.2
4.621	8.1
4.616	8.4
4.610	8.5
4.605	9.5
4.600	11.3
4.594	12.1
4.589	11.2
4.584	9.9
4.578	9.5
4.573	10.0
4.568	9.8
4.563	8.6
4.557	7.2
4.552	6.8
4.547	7.6
4.541	8.9
4.536	9.7
4.531	9.6
4.525	10.0
4.520	12.3
4.515	14.2
4.509	13.8
4.504	11.7
4.499	10.4
4.493	10.8
4.488	11.6
4.483	10.8
4.478	9.0
4.472	7.4
4.467	7.4
4.462	8.9
4.456	10.7
4.451	11.1
4.446	10.8
4.440	11.3
4.435	14.1
4.430	16.9
4.424	16.5
4.419	13.9
4.414	12.2
4.408	12.4
4.403	13.1
4.398	12.0
4.392	9.9
4.387	8.1
4.382	7.7
4.377	9.2
4.371	11.4
4.366	12.3
4.361	11.9
4.355	11.8
4.350	14.2
4.345	18.2
4.339	18.7
4.334	15.9
4.329	13.4
4.323	13.0
4.318	13.8
4.313	13.4
4.307	11.2
4.302	9.0
4.297	7.9
4.291	8.7
4.286	11.3
4.281	13.3
4.275	13.3
4.270	12.4
4.265	12.9
4.260	16.7
4.254	20.1
4.249	18.8
4.244	15.6
4.238	13.8
4.233	14.4
4.228	15.3
4.222	14.1
4.217	11.4
4.212	9.3
4.206	8.3
4.201	9.3
4.196	12.0
4.190	13.8
4.185	13.8
4.180	13.0
4.174	13.5
4.169	17.0
4.164	20.1
4.158	19.2
4.153	16.3
4.148	14.6
4.143	15.2
4.137	16.4
4.132	15.1
4.127	12.3
4.121	9.9
4.116	8.6
4.111	9.0
4.105	11.8
4.100	14.4
4.095	14.9
4.089	13.9
4.084	13.6
4.079	17.0
4.073	22.2
4.068	22.2
4.063	18.6
4.057	15.7
4.052	15.3
4.047	16.5
4.041	16.5
4.036	14.1
4.031	11.4
4.025	9.4
4.020	8.7
4.015	10.1
4.009	13.4
4.004	15.4
3.999	15.1
3.994	13.9
3.988	14.3
3.983	18.8
3.978	23.5
3.972	22.4
3.967	18.6
3.962	15.9
3.956	15.9
3.951	17.1
3.946	16.7
3.940	14.3
3.935	11.7
3.930	9.7
3.924	8.9
3.919	10.1
3.914	13.2
3.908	15.2
3.903	15.2
3.898	14.4
3.892	14.4
3.887	18.0
3.882	23.5
3.876	23.8
3.871	20.4
3.866	17.1
3.860	16.2
3.855	17.2
3.850	17.6
3.844	15.8
3.839	13.2
3.834	10.8
3.829	9.3
3.823	9.3
3.818	11.6
3.813	14.8
3.807	16.3
3.802	15.9
3.797	14.7
3.791	15.2
3.786	19.8
3.781	24.4
3.775	23.4
3.770	19.7
3.765	16.7
3.759	16.2
3.754	17.3
3.749	17.7
3.743	16.3
3.738	13.9
3.733	11.6
3.727	9.9
3.722	9.6
3.717	11.5
3.711	14.8
3.706	16.7
3.701	16.5
3.695	15.3
3.690	15.1
3.685	18.5
3.679	23.7
3.674	24.9
3.669	22.2
3.663	18.8
3.658	17.2
3.653	17.5
3.647	18.1
3.642	17.4
3.637	15.5
3.632	13.0
3.626	10.8
3.621	9.5
3.616	9.8
3.610	12.3
3.605	15.5
3.600	17.0
3.594	16.5
3.589	15.1
3.584	15.1
3.578	18.4
3.573	22.9
3.568	24.1
3.562	22.2
3.557	19.2
3.552	17.6
3.546	17.6
3.541	18.0
3.536	17.5
3.530	15.9
3.525	13.6
3.520	11.6
3.514	10.3
3.509	10.0
3.504	11.6
3.498	14.6
3.493	16.9
3.488	17.3
3.482	16.2
3.477	15.4
3.472	16.8
3.466	21.3
3.461	24.7
3.456	24.5
3.450	21.7
3.445	19.0
3.440	17.8
3.434	18.0
3.429	18.4
3.424	18.0
3.418	16.4
3.413	14.2
3.408	12.1
3.402	10.6
3.397	10.2
3.392	11.4
3.386	13.9
3.381	16.0
3.376	16.8
3.370	16.6
3.365	15.7
3.360	16.2
3.354	19.3
3.349	22.6
3.344	23.7
3.338	22.7
3.333	20.1
3.328	18.3
3.322	17.8
3.317	18.1
3.312	18.3
3.306	17.6
3.301	15.7
3.296	13.4
3.291	11.3
3.285	9.9
3.280	9.7
3.275	10.7
3.269	12.5
3.264	14.0
3.259	14.4
3.253	14.0
3.248	13.7
3.243	15.1
3.237	18.8
3.232	23.1
3.227	25.0
3.221	24.0
3.216	21.4
3.211	19.3
3.205	18.5
3.200	18.7
3.195	19.0
3.189	18.6
3.184	17.4
3.179	15.4
3.173	13.1
3.168	11.3
3.163	10.3
3.157	10.7
3.152	12.8
3.147	15.9
3.141	17.9
3.136	18.0
3.131	17.0
3.125	16.1
3.120	16.9
3.115	20.4
3.109	24.8
3.104	27.0
3.099	25.7
3.093	22.7
3.088	20.3
3.083	19.2
3.077	19.3
3.072	19.7
3.067	19.6
3.061	18.6
3.056	16.6
3.051	14.4
3.045	12.4
3.040	11.2
3.035	10.8
3.029	12.1
3.024	15.0
3.019	17.8
3.013	19.1
3.008	18.6
3.003	17.4
2.997	16.6
2.992	17.9
2.987	21.9
2.981	26.1
2.976	28.1
2.971	26.7
2.965	23.5
2.960	20.8
2.955	19.5
2.949	19.5
2.944	19.9
2.939	20.1
2.933	19.4
2.928	17.8
2.923	15.6
2.917	13.3
2.912	11.7
2.907	10.8
2.901	11.0
2.896	13.0
2.891	16.3
2.885	18.8
2.880	19.5
2.875	18.7
2.869	17.5
2.864	16.7
2.859	18.1
2.853	22.0
2.848	26.4
2.843	28.6
2.837	27.8
2.832	24.9
2.827	21.9
2.821	20.0
2.816	19.7
2.811	20.0
2.805	20.4
2.800	20.0
2.795	18.9
2.789	16.8
2.784	14.4
2.779	12.1
2.773	10.7
2.768	10.1
2.763	10.8
2.757	13.1
2.752	16.4
2.747	19.1
2.741	20.1
2.736	20.2
2.731	18.6
2.725	17.4
2.720	18.0
2.715	21.0
2.709	24.8
2.704	27.6
2.699	28.3
2.693	26.7
2.688	23.3
2.683	20.5
2.677	19.0
2.672	19.0
2.667	19.8
2.661	20.4
2.656	20.2
2.651	19.1
2.645	17.2
2.640	15.0
2.635	12.9
2.629	11.4
2.624	10.7
2.619	11.0
2.613	12.7
2.608	15.9
2.602	18.9
2.597	20.6
2.592	20.7
2.586	19.4
2.581	17.9
2.576	17.0
2.570	18.2
2.565	21.9
2.560	26.6
2.554	29.6
2.549	29.8
2.544	27.5
2.538	24.2
2.533	21.4
2.528	19.8
2.522	19.4
2.517	19.8
2.512	20.3
2.506	20.3
2.501	19.6
2.496	18.2
2.490	16.1
2.485	14.1
2.480	12.3
2.474	11.1
2.469	10.5
2.464	10.9
2.458	12.5
2.453	15.4
2.448	18.5
2.442	20.5
2.437	20.8
2.432	19.8
2.426	18.3
2.421	17.1
2.416	17.1
2.410	19.4
2.405	23.5
2.400	27.7
2.394	30.1
2.389	29.8
2.384	27.2
2.378	23.8
2.373	20.9
2.368	19.3
2.362	18.9
2.357	19.3
2.352	20.1
2.346	20.5
2.341	20.3
2.336	19.3
2.330	17.4
2.325	15.2
2.320	13.2
2.314	11.6
2.309	10.8
2.304	10.5
2.298	11.0
2.293	12.6
2.288	15.4
2.282	18.5
2.277	20.7
2.272	21.4
2.266	20.6
2.261	18.6
2.256	16.4
2.250	14.9
2.245	15.2
2.240	17.9
2.234	22.7
2.229	27.8
2.223	30.6
2.218	30.2
2.213	27.7
2.207	24.2
2.202	21.0
2.197	18.9
2.191	18.0
2.186	18.4
2.181	19.3
2.175	19.9
2.170	19.7
2.165	19.1
2.159	18.2
2.154	17.0
2.149	15.1
2.143	13.2
2.138	11.7
2.133	10.9
2.127	10.5
2.122	10.6
2.117	11.7
2.111	13.9
2.106	16.8
2.101	19.7
2.095	21.5
2.090	21.9
2.085	20.9
2.079	19.3
2.074	17.7
2.069	16.8
2.063	16.8
2.058	18.5
2.053	22.0
2.047	26.5
2.042	30.2
2.037	31.5
2.031	30.3
2.026	27.2
2.021	23.7
2.015	20.8
2.010	18.8
2.005	18.0
1.999	18.2
1.994	19.0
1.989	19.9
1.983	20.7
1.978	20.7
1.972	19.9
1.967	18.5
1.962	16.5
1.956	14.3
1.951	12.4
1.946	11.1
1.940	10.3
1.935	10.0
1.930	10.0
1.924	10.6
1.919	11.9
1.914	14.1
1.908	17.0
1.903	19.7
1.898	21.4
1.892	21.9
1.887	21.1
1.882	19.8
1.876	18.2
1.871	16.9
1.866	16.1
1.860	16.5
1.855	18.2
1.850	21.6
1.844	26.0
1.839	29.8
1.834	31.8
1.828	31.2
1.823	28.7
1.818	25.5
1.812	22.3
1.807	19.8
1.802	18.2
1.796	17.7
1.791	18.0
1.786	18.8
1.780	20.0
1.775	20.9
1.769	21.5
1.764	21.3
1.759	20.5
1.753	19.0
1.748	17.2
1.743	15.2
1.737	13.5
1.732	12.1
1.727	11.2
1.721	10.5
1.716	10.2
1.711	10.2
1.705	10.6
1.700	11.8
1.695	13.8
1.689	16.4
1.684	19.3
1.679	21.3
1.673	22.3
1.668	22.3
1.663	21.5
1.657	20.1
1.652	18.6
1.647	17.3
1.641	16.5
1.636	16.4
1.631	17.2
1.625	19.2
1.620	22.7
1.615	27.2
1.609	31.5
1.604	34.0
1.599	34.0
1.593	32.0
1.588	28.8
1.582	25.2
1.577	22.2
1.572	19.9
1.566	18.5
1.561	17.8
1.556	17.8
1.550	18.2
1.545	19.3
1.540	20.5
1.534	21.9
1.529	22.8
1.524	22.8
1.518	22.1
1.513	20.9
1.508	19.0
1.502	17.1
1.497	15.1
1.492	13.5
1.486	12.1
1.481	11.0
1.476	10.2
1.470	10.0
1.465	10.0
1.460	10.3
1.454	10.8
1.449	11.7
1.444	13.1
1.438	15.1
1.433	17.6
1.428	20.3
1.422	22.5
1.417	23.9
1.411	24.2
1.406	23.7
1.401	22.4
1.395	20.9
1.390	19.3
1.385	18.0
1.379	17.1
1.374	16.7
1.369	16.9
1.363	17.6
1.358	19.2
1.353	21.8
1.347	25.3
1.342	29.7
1.337	33.7
1.331	36.0
1.326	36.1
1.321	34.0
1.315	30.7
1.310	27.1
1.305	23.8
1.299	21.3
1.294	19.4
1.289	18.2
1.283	17.5
1.278	17.5
1.273	17.9
1.267	18.7
1.262	19.8
1.256	21.0
1.251	22.0
1.246	22.7
1.240	23.1
1.235	23.4
1.230	23.2
1.224	22.3
1.219	20.8
1.214	19.2
1.208	17.5
1.203	15.9
1.198	14.4
1.192	13.1
1.187	12.1
1.182	11.3
1.176	10.8
1.171	10.4
1.166	10.3
1.160	10.3
1.155	10.3
1.150	10.3
1.144	11.0
1.139	12.0
1.134	13.5
1.128	15.1
1.123	16.7
1.118	18.4
1.112	20.3
1.107	22.0
1.101	23.5
1.096	24.2
1.091	24.2
1.085	23.8
1.080	23.2
1.075	22.2
1.069	20.9
1.064	19.6
1.059	18.4
1.053	17.5
1.048	16.7
1.043	16.3
1.037	16.2
1.032	16.6
1.027	17.6
1.021	19.1
1.016	21.2
1.011	23.9
1.005	27.2
1.000	30.9
0.995	34.4
0.989	37.1
0.984	38.3
0.979	38.1
0.973	36.5
0.968	34.2
0.962	31.4
0.957	28.5
0.952	25.3
0.946	22.5
0.941	20.3
0.936	19.1
0.930	18.2
0.925	17.4
0.920	17.0
0.914	16.5
0.909	15.8
0.904	15.1
0.898	14.6
0.893	14.6
0.888	15.0
0.882	16.0
0.877	17.6
0.872	20.0
0.866	22.1
0.861	23.6
0.856	24.6
0.850	25.0
0.845	24.6
0.840	23.9
0.834	23.1
0.829	22.2
0.823	20.9
0.818	19.3
0.813	17.8
0.807	16.4
0.802	15.1
0.797	14.1
0.791	13.2
0.786	12.4
0.781	11.8
0.775	11.4
0.770	10.9
0.765	10.6
0.759	10.3
0.754	10.2
0.749	10.1
0.743	10.1
0.738	10.1
0.733	10.1
0.727	10.2
0.722	10.5
0.717	10.7
0.711	11.0
0.706	11.4
0.701	12.0
0.695	12.7
0.690	13.4
0.684	14.2
0.679	15.2
0.674	16.3
0.668	17.5
0.663	18.7
0.658	20.2
0.652	21.5
0.647	22.6
0.642	23.3
0.636	24.1
0.631	24.7
0.626	25.1
0.620	25.1
0.615	24.9
0.610	24.5
0.604	23.9
0.599	23.2
0.594	22.5
0.588	21.7
0.583	20.9
0.578	20.1
0.572	19.3
0.567	18.6
0.561	18.1
0.556	17.7
0.551	17.3
0.545	16.9
0.540	16.5
0.535	16.3
0.529	16.1
0.524	16.0
0.519	16.0
0.513	16.0
0.508	16.0
0.503	16.2
0.497	16.5
0.492	16.5
0.487	16.9
0.481	17.5
0.476	18.4
0.471	19.4
0.465	20.5
0.460	21.6
0.455	22.8
0.449	24.1
0.444	25.5
0.438	26.9
0.433	28.3
0.428	29.8
0.422	31.3
0.417	32.9
0.412	34.2
0.406	35.4
0.401	36.4
0.396	37.0
0.390	37.5
0.385	37.6
0.380	37.6
0.374	37.3
0.369	36.8
0.364	36.0
0.358	35.2
0.353	34.3
0.348	33.4
0.342	32.6
0.337	31.8
0.332	30.9
0.326	30.0
0.321	29.0
0.316	27.9
0.310	27.0
0.305	26.0
0.299	25.2
0.294	24.3
0.289	23.4
0.283	22.6
0.278	21.8
0.273	21.2
0.267	20.6
0.262	20.1
0.257	19.6
0.251	19.2
0.246	18.9
0.241	18.7
0.235	18.3
0.230	18.0
0.225	17.8
0.219	17.6
0.214	17.3
0.209	17.2
0.203	17.0
0.198	17.0
0.193	17.0
0.187	16.9
0.182	16.8
0.176	16.8
0.171	16.7
0.166	16.7
0.160	16.6
0.155	16.6
0.150	16.5
0.144	16.5
0.139	16.5
0.134	16.5
0.128	16.5
0.123	16.5
0.118	16.5
0.112	16.5
0.107	16.5
0.102	16.6
0.096	16.6
0.091	16.6
0.086	16.6
0.080	16.6
0.075	16.6
0.070	16.6
0.064	16.6
0.059	16.6
0.053	16.6
0.048	16.7
0.043	16.7
0.037	16.7
0.032	16.7
0.027	16.8
0.021	16.8
0.016	16.8
0.011	16.8
0.005	16.9
0.000	17.2
-0.005	17.1
-0.011	17.0
-0.016	16.9
-0.021	17.0
-0.027	17.1
-0.032	17.0
-0.037	17.1
-0.043	17.1
-0.048	17.1
-0.053	17.1
-0.059	17.1
-0.064	17.1
-0.070	17.1
-0.075	17.1
-0.080	17.1
-0.086	17.1
-0.091	17.1
-0.096	17.1
-0.102	17.1
-0.107	17.0
-0.112	16.7
-0.118	16.7
-0.123	16.7
-0.128	17.1
-0.134	17.5
-0.139	17.7
-0.144	17.9
-0.150	17.9
-0.155	18.0
-0.160	18.1
-0.166	18.4
-0.171	18.6
-0.176	18.9
-0.182	19.3
-0.187	19.7
-0.193	20.0
-0.198	20.3
-0.203	20.5
-0.209	20.9
-0.214	21.6
-0.219	22.3
-0.225	22.9
-0.230	23.6
-0.235	24.2
-0.241	24.8
-0.246	25.5
-0.251	26.3
-0.257	27.1
-0.262	28.0
-0.267	28.9
-0.273	29.5
-0.278	29.9
-0.283	30.6
-0.289	31.7
-0.294	32.9
-0.299	33.7
-0.305	34.4
-0.310	35.1
-0.316	35.9
-0.321	36.4
-0.326	36.7
-0.332	37.1
-0.337	37.2
-0.342	37.2
-0.348	37.0
-0.353	36.6
-0.358	36.0
-0.364	35.2
-0.369	34.5
-0.374	33.6
-0.380	32.6
-0.385	31.6
-0.390	30.4
-0.396	29.1
-0.401	27.7
-0.406	26.5
-0.412	25.3
-0.417	24.1
-0.422	22.9
-0.428	21.9
-0.433	21.1
-0.438	20.2
-0.444	19.5
-0.449	19.0
-0.455	18.5
-0.460	18.0
-0.465	17.6
-0.471	17.4
-0.476	17.3
-0.481	17.3
-0.487	17.3
-0.492	17.1
-0.497	16.9
-0.503	16.9
-0.508	17.2
-0.513	17.9
-0.519	18.7
-0.524	19.3
-0.529	19.8
-0.535	20.3
-0.540	20.7
-0.545	20.7
-0.551	20.6
-0.556	20.7
-0.561	20.9
-0.567	21.1
-0.572	21.0
-0.578	21.0
-0.583	20.9
-0.588	20.8
-0.594	20.5
-0.599	20.1
-0.604	19.9
-0.610	19.3
-0.615	18.5
-0.620	17.8
-0.626	17.0
-0.631	16.3
-0.636	15.9
-0.642	15.4
-0.647	14.7
-0.652	14.0
-0.658	13.3
-0.663	12.6
-0.668	12.0
-0.674	11.5
-0.679	11.1
-0.684	10.8
-0.690	10.7
-0.695	10.6
-0.701	10.6
-0.706	10.5
-0.711	10.6
-0.717	10.8
-0.722	11.1
-0.727	11.4
-0.733	11.7
-0.738	12.3
-0.743	13.0
-0.749	13.8
-0.754	14.7
-0.759	15.6
-0.765	16.7
-0.770	17.8
-0.775	18.9
-0.781	20.1
-0.786	21.2
-0.791	21.7
-0.797	21.9
-0.802	21.9
-0.807	21.9
-0.813	21.9
-0.818	21.9
-0.823	21.5
-0.829	21.0
-0.834	20.3
-0.840	19.7
-0.845	19.1
-0.850	18.7
-0.856	18.2
-0.861	18.1
-0.866	18.1
-0.872	18.3
-0.877	18.7
-0.882	19.5
-0.888	20.5
-0.893	21.7
-0.898	23.3
-0.904	24.9
-0.909	26.5
-0.914	28.1
-0.920	29.5
-0.925	30.2
-0.930	30.9
-0.936	30.6
-0.941	30.0
-0.946	29.2
-0.952	28.7
-0.957	27.7
-0.962	26.1
-0.968	24.4
-0.973	22.7
-0.979	21.1
-0.984	19.9
-0.989	19.1
-0.995	18.6
-1.000	18.3
-1.005	18.3
-1.011	18.5
-1.016	18.8
-1.021	19.2
-1.027	19.6
-1.032	19.8
-1.037	19.9
-1.043	19.9
-1.048	19.8
-1.053	19.6
-1.059	19.3
-1.064	18.8
-1.069	18.2
-1.075	17.5
-1.080	16.7
-1.085	15.6
-1.091	14.8
-1.096	13.9
-1.101	13.0
-1.107	12.4
-1.112	11.8
-1.118	11.5
-1.123	11.4
-1.128	11.5
-1.134	11.8
-1.139	12.2
-1.144	13.0
-1.150	13.9
-1.155	14.7
-1.160	15.6
-1.166	16.7
-1.171	18.2
-1.176	19.8
-1.182	21.2
-1.187	22.1
-1.192	22.3
-1.198	21.9
-1.203	21.2
-1.208	20.3
-1.214	19.5
-1.219	18.7
-1.224	18.3
-1.230	18.2
-1.235	18.6
-1.240	19.4
-1.246	20.6
-1.251	22.1
-1.256	23.9
-1.262	25.6
-1.267	27.0
-1.273	28.0
-1.278	28.6
-1.283	28.6
-1.289	28.2
-1.294	27.2
-1.299	25.7
-1.305	23.9
-1.310	22.2
-1.315	20.6
-1.321	19.4
-1.326	18.6
-1.331	18.1
-1.337	17.7
-1.342	17.7
-1.347	18.0
-1.353	18.4
-1.358	18.6
-1.363	18.6
-1.369	18.5
-1.374	18.2
-1.379	17.7
-1.385	16.9
-1.390	15.9
-1.395	15.0
-1.401	14.1
-1.406	13.3
-1.411	12.5
-1.417	12.0
-1.422	11.6
-1.428	11.6
-1.433	11.9
-1.438	12.5
-1.444	13.3
-1.449	14.4
-1.454	15.6
-1.460	16.9
-1.465	18.2
-1.470	19.4
-1.476	20.1
-1.481	20.2
-1.486	19.8
-1.492	19.3
-1.497	18.6
-1.502	18.2
-1.508	18.0
-1.513	18.1
-1.518	18.7
-1.524	19.9
-1.529	21.5
-1.534	23.6
-1.540	25.1
-1.545	26.3
-1.550	27.0
-1.556	26.7
-1.561	25.9
-1.566	24.6
-1.572	23.0
-1.577	21.4
-1.582	19.9
-1.588	18.8
-1.593	18.3
-1.599	18.0
-1.604	18.0
-1.609	18.1
-1.615	17.8
-1.620	17.3
-1.625	16.8
-1.631	16.5
-1.636	16.4
-1.641	16.0
-1.647	15.1
-1.652	14.0
-1.657	13.0
-1.663	12.2
-1.668	11.8
-1.673	11.8
-1.679	12.0
-1.684	12.7
-1.689	13.7
-1.695	15.1
-1.700	16.6
-1.705	18.1
-1.711	19.3
-1.716	20.1
-1.721	20.1
-1.727	19.7
-1.732	19.2
-1.737	18.7
-1.743	18.7
-1.748	19.1
-1.753	20.0
-1.759	21.4
-1.764	22.6
-1.769	23.4
-1.775	24.1
-1.780	24.6
-1.786	25.0
-1.791	24.8
-1.796	23.9
-1.802	22.5
-1.807	20.9
-1.812	19.7
-1.818	18.9
-1.823	18.5
-1.828	18.1
-1.834	18.0
-1.839	17.9
-1.844	17.8
-1.850	17.5
-1.855	17.0
-1.860	16.3
-1.866	15.4
-1.871	14.3
-1.876	13.3
-1.882	12.5
-1.887	12.1
-1.892	12.2
-1.898	12.9
-1.903	13.9
-1.908	15.4
-1.914	17.0
-1.919	18.5
-1.924	19.5
-1.930	19.9
-1.935	19.8
-1.940	19.3
-1.946	18.9
-1.951	18.9
-1.956	19.5
-1.962	20.7
-1.967	22.3
-1.972	23.9
-1.978	25.3
-1.983	26.0
-1.989	26.0
-1.994	25.3
-1.999	24.0
-2.005	22.3
-2.010	20.6
-2.015	19.4
-2.021	18.6
-2.026	18.2
-2.031	17.9
-2.037	17.5
-2.042	17.0
-2.047	16.5
-2.053	15.9
-2.058	15.1
-2.063	14.2
-2.069	13.4
-2.074	12.6
-2.079	12.1
-2.085	12.2
-2.090	12.9
-2.095	14.3
-2.101	15.9
-2.106	17.6
-2.111	19.1
-2.117	19.9
-2.122	19.9
-2.127	19.5
-2.133	19.1
-2.138	19.1
-2.143	19.7
-2.149	21.0
-2.154	22.6
-2.159	24.1
-2.165	25.3
-2.170	25.8
-2.175	25.5
-2.181	24.4
-2.186	22.8
-2.191	20.9
-2.197	19.5
-2.202	18.7
-2.207	18.2
-2.213	17.5
-2.218	17.1
-2.223	16.8
-2.229	16.7
-2.234	15.8
-2.240	14.5
-2.245	13.2
-2.250	12.1
-2.256	11.7
-2.261	11.9
-2.266	12.8
-2.272	14.3
-2.277	16.0
-2.282	17.6
-2.288	18.8
-2.293	19.3
-2.298	19.2
-2.304	18.9
-2.309	18.9
-2.314	19.7
-2.320	20.9
-2.325	22.6
-2.330	24.2
-2.336	25.3
-2.341	25.6
-2.346	24.8
-2.352	23.2
-2.357	21.2
-2.362	19.5
-2.368	18.7
-2.373	18.3
-2.378	18.1
-2.384	17.7
-2.389	17.3
-2.394	16.8
-2.400	16.0
-2.405	14.8
-2.410	13.5
-2.416	12.5
-2.421	12.2
-2.426	12.6
-2.432	13.7
-2.437	15.3
-2.442	17.1
-2.448	18.4
-2.453	19.2
-2.458	19.1
-2.464	18.8
-2.469	18.7
-2.474	19.4
-2.480	20.8
-2.485	22.9
-2.490	24.4
-2.496	24.9
-2.501	24.1
-2.506	22.9
-2.512	21.0
-2.517	19.4
-2.522	18.4
-2.528	18.0
-2.533	17.8
-2.538	17.6
-2.544	17.2
-2.549	16.5
-2.554	15.4
-2.560	14.2
-2.565	12.9
-2.570	12.1
-2.576	12.1
-2.581	12.9
-2.586	14.2
-2.592	15.8
-2.597	17.4
-2.602	18.2
-2.608	18.1
-2.613	17.7
-2.619	17.7
-2.624	18.7
-2.629	20.2
-2.635	21.9
-2.640	23.5
-2.645	24.3
-2.651	23.9
-2.656	22.5
-2.661	20.6
-2.667	19.0
-2.672	18.1
-2.677	17.7
-2.683	16.6
-2.688	15.8
-2.693	14.9
-2.699	14.4
-2.704	13.2
-2.709	12.1
-2.715	11.3
-2.720	11.2
-2.725	12.0
-2.731	13.6
-2.736	16.4
-2.741	17.6
-2.747	18.0
-2.752	17.9
-2.757	17.6
-2.763	18.0
-2.768	19.2
-2.773	20.7
-2.779	22.1
-2.784	23.1
-2.789	23.1
-2.795	21.9
-2.800	19.9
-2.805	18.3
-2.811	17.1
-2.816	16.6
-2.821	16.2
-2.827	15.7
-2.832	14.9
-2.837	13.8
-2.843	12.5
-2.848	11.5
-2.853	11.1
-2.859	11.5
-2.864	12.6
-2.869	14.2
-2.875	16.0
-2.880	17.1
-2.885	17.2
-2.891	17.1
-2.896	17.2
-2.901	18.3
-2.907	20.0
-2.912	21.5
-2.917	22.3
-2.923	21.9
-2.928	20.7
-2.933	18.7
-2.939	17.2
-2.944	16.4
-2.949	16.3
-2.955	16.2
-2.960	15.7
-2.965	14.8
-2.971	13.4
-2.976	12.0
-2.981	11.3
-2.987	11.5
-2.992	12.7
-2.997	14.5
-3.003	16.4
-3.008	17.6
-3.013	17.9
-3.019	17.7
-3.024	18.0
-3.029	19.2
-3.035	21.2
-3.040	23.2
-3.045	23.3
-3.051	22.3
-3.056	20.3
-3.061	18.3
-3.067	17.1
-3.072	16.8
-3.077	16.2
-3.083	15.8
-3.088	14.7
-3.093	13.5
-3.099	12.1
-3.104	11.3
-3.109	11.5
-3.115	12.6
-3.120	14.2
-3.125	16.0
-3.131	17.2
-3.136	17.6
-3.141	17.5
-3.147	18.0
-3.152	19.5
-3.157	21.4
-3.163	23.2
-3.168	24.0
-3.173	22.8
-3.179	20.4
-3.184	18.3
-3.189	17.4
-3.195	17.0
-3.200	16.7
-3.205	15.8
-3.211	14.6
-3.216	12.9
-3.221	11.6
-3.227	11.3
-3.232	12.2
-3.237	14.1
-3.243	16.4
-3.248	17.9
-3.253	17.9
-3.259	17.5
-3.264	17.5
-3.269	18.9
-3.275	21.3
-3.280	21.9
-3.285	20.5
-3.291	17.9
-3.296	15.7
-3.301	14.5
-3.306	14.6
-3.312	15.3
-3.317	15.6
-3.322	15.0
-3.328	13.6
-3.333	12.0
-3.338	11.1
-3.344	11.4
-3.349	12.8
-3.354	15.0
-3.360	17.1
-3.365	17.6
-3.370	17.1
-3.376	16.7
-3.381	17.5
-3.386	19.8
-3.392	22.3
-3.397	23.3
-3.402	21.6
-3.408	18.6
-3.413	16.8
-3.418	16.5
-3.424	16.5
-3.429	16.1
-3.434	14.9
-3.440	13.0
-3.445	11.3
-3.450	10.5
-3.456	11.1
-3.461	12.7
-3.466	15.1
-3.472	16.7
-3.477	17.0
-3.482	16.5
-3.488	16.7
-3.493	18.5
-3.498	20.9
-3.504	22.2
-3.509	21.3
-3.514	18.4
-3.520	16.3
-3.525	15.8
-3.530	16.0
-3.536	15.9
-3.541	14.8
-3.546	12.7
-3.552	10.9
-3.557	10.1
-3.562	10.6
-3.568	12.4
-3.573	15.1
-3.578	16.7
-3.584	16.7
-3.589	15.9
-3.594	16.3
-3.600	18.7
-3.605	22.0
-3.610	23.2
-3.616	20.6
-3.621	17.2
-3.626	15.6
-3.632	15.6
-3.637	15.8
-3.642	15.1
-3.647	13.3
-3.653	11.1
-3.658	9.9
-3.663	9.9
-3.669	11.5
-3.674	14.4
-3.679	16.8
-3.685	16.8
-3.690	15.8
-3.695	15.8
-3.701	18.0
-3.706	21.7
-3.711	23.6
-3.717	20.7
-3.722	17.3
-3.727	15.8
-3.733	15.8
-3.738	16.1
-3.743	15.2
-3.749	12.8
-3.754	10.6
-3.759	9.6
-3.765	10.0
-3.770	12.0
-3.775	15.1
-3.781	16.7
-3.786	16.2
-3.791	15.0
-3.797	15.7
-3.802	18.8
-3.807	22.6
-3.813	21.8
-3.818	18.0
-3.823	15.8
-3.829	15.6
-3.834	16.1
-3.839	15.5
-3.844	13.1
-3.850	10.7
-3.855	9.4
-3.860	9.5
-3.866	11.3
-3.871	14.7
-3.876	16.6
-3.882	16.2
-3.887	15.1
-3.892	15.9
-3.898	19.3
-3.903	23.4
-3.908	22.0
-3.914	17.8
-3.919	15.1
-3.924	14.5
-3.930	15.1
-3.935	14.6
-3.940	12.2
-3.946	9.9
-3.951	8.8
-3.956	9.3
-3.962	11.6
-3.967	14.7
-3.972	15.8
-3.978	15.0
-3.983	14.5
-3.988	16.7
-3.994	21.4
-3.999	23.4
-4.004	19.8
-4.009	16.3
-4.015	15.1
-4.020	15.9
-4.025	16.0
-4.031	13.6
-4.036	10.9
-4.041	9.2
-4.047	8.9
-4.052	10.5
-4.057	13.6
-4.063	15.3
-4.068	14.9
-4.073	14.2
-4.079	16.0
-4.084	20.3
-4.089	22.1
-4.095	18.8
-4.100	15.6
-4.105	14.8
-4.111	15.5
-4.116	15.5
-4.121	13.1
-4.127	10.6
-4.132	9.1
-4.137	9.3
-4.143	11.5
-4.148	14.4
-4.153	15.2
-4.158	14.3
-4.164	13.9
-4.169	16.4
-4.174	21.3
-4.180	21.7
-4.185	17.9
-4.190	15.3
-4.196	15.0
-4.201	15.9
-4.206	14.6
-4.212	11.8
-4.217	9.5
-4.222	8.7
-4.228	9.9
-4.233	12.6
-4.238	14.2
-4.244	13.8
-4.249	13.0
-4.254	14.8
-4.260	19.2
-4.265	21.2
-4.270	18.2
-4.275	15.3
-4.281	14.6
-4.286	15.3
-4.291	14.5
-4.297	12.0
-4.302	9.7
-4.307	8.7
-4.313	9.6
-4.318	12.0
-4.323	13.7
-4.329	13.3
-4.334	12.4
-4.339	13.7
-4.345	17.9
-4.350	20.0
-4.355	17.4
-4.361	14.7
-4.366	14.2
-4.371	14.2
-4.377	12.8
-4.382	10.4
-4.387	8.6
-4.392	8.2
-4.398	9.4
-4.403	11.5
-4.408	12.7
-4.414	12.3
-4.419	12.4
-4.424	14.6
-4.430	17.8
-4.435	17.6
-4.440	14.9
-4.446	13.4
-4.451	13.6
-4.456	13.6
-4.462	11.8
-4.467	9.6
-4.472	8.3
-4.478	8.5
-4.483	9.9
-4.488	11.1
-4.493	10.9
-4.499	10.5
-4.504	11.3
-4.509	14.1
-4.515	15.8
-4.520	14.3
-4.525	12.6
-4.531	12.3
-4.536	12.3
-4.541	11.1
-4.547	9.1
-4.552	7.7
-4.557	7.5
-4.563	8.6
-4.568	9.9
-4.573	10.5
-4.578	10.3
-4.584	10.7
-4.589	12.3
-4.594	13.4
-4.600	12.4
-4.605	11.2
-4.610	10.8
-4.616	10.6
-4.621	9.4
-4.626	7.9
-4.632	6.9
-4.637	6.9
-4.642	7.7
-4.648	8.8
-4.653	9.2
-4.658	9.3
-4.663	10.0
-4.669	11.4
-4.674	11.7
-4.679	10.7
-4.685	9.7
-4.690	9.3
-4.695	8.9
-4.701	7.6
-4.706	6.3
-4.711	5.5
-4.717	5.6
-4.722	6.6
-4.727	7.2
-4.733	7.2
-4.738	7.2
-4.743	8.1
-4.748	9.2
-4.754	9.2
-4.759	8.3
-4.764	7.7
-4.770	7.3
-4.775	6.8
-4.780	5.9
-4.786	5.1
-4.791	4.8
-4.796	5.2
-4.802	5.8
-4.807	6.2
-4.812	6.2
-4.818	6.6
-4.823	7.1
-4.828	7.2
-4.833	6.8
-4.839	6.4
-4.844	6.1
-4.849	5.6
-4.855	4.9
-4.860	4.5
-4.865	4.1
-4.871	4.2
-4.876	4.6
-4.881	4.9
-4.887	4.9
-4.892	5.2
-4.897	5.6
-4.902	5.6
-4.908	5.3
-4.913	4.9
-4.918	4.6
-4.924	4.3
-4.929	3.9
-4.934	3.5
-4.940	3.4
-4.945	3.5
-4.950	3.7
-4.956	3.9
-4.961	4.0
-4.966	4.0
-4.971	4.1
-4.977	4.1
-4.982	4.1
-4.987	3.9
-4.993	3.7
-4.998	3.4
-5.003	3.1
-5.009	2.9
-5.014	2.8
-5.019	2.9
-5.025	2.9
-5.030	3.0
-5.035	3.0
-5.040	3.0
-5.046	3.0
-5.051	3.0
-5.056	3.0
-5.062	3.0
-5.067	2.8
-5.072	2.5
-5.078	2.3
-5.083	2.2
-5.088	2.2
-5.094	2.2
-5.099	2.2
-5.104	2.2
-5.109	2.2
-5.115	2.2
-5.120	2.2
-5.125	2.1
-5.131	2.0
-5.136	1.9
-5.141	1.8
-5.147	1.7
-5.152	1.6
-5.157	1.5
-5.162	1.5
-5.168	1.5
-5.173	1.5
-5.178	1.5
-5.184	1.5
-5.189	1.5
-5.194	1.5
-5.200	1.4
-5.205	1.4
-5.210	1.4
-5.216	1.2
-5.221	1.2
-5.226	1.1
-5.231	1.1
-5.237	1.1
-5.242	1.1
-5.247	1.1
-5.253	1.1
-5.258	1.1
-5.263	1.1
-5.269	1.0
-5.274	1.0
-5.279	0.9
-5.284	0.9
-5.290	0.8
-5.295	0.8
-5.300	0.8
-5.306	0.8
-5.311	0.8
-5.316	0.8
-5.322	0.8
-5.327	0.7
-5.332	0.7
-5.337	0.7
-5.343	0.7
-5.348	0.7
-5.353	0.7
-5.359	0.7
-5.364	0.7
-5.369	0.7
-5.375	0.7
-5.380	0.7
-5.385	0.7
-5.390	0.7
-5.396	0.7
-5.401	0.7
-5.406	0.7
-5.412	0.7
-5.417	0.7
-5.422	0.7
-5.428	0.7
-5.433	0.7
-5.438	0.7
-5.443	0.7
-5.449	0.7
-5.454	0.7
