&a 	I1
5.459	0.2
5.454	0.2
5.449	0.2
5.443	0.2
5.438	0.2
5.433	0.2
5.428	0.1
5.422	0.1
5.417	0.1
5.412	0.1
5.406	0.1
5.401	0.1
5.396	0.1
5.390	0.1
5.385	0.1
5.380	0.1
5.375	0.1
5.369	0.1
5.364	0.1
5.359	0.1
5.353	0.1
5.348	0.1
5.343	0.1
5.337	0.1
5.332	0.1
5.327	0.1
5.322	0.1
5.316	0.1
5.311	0.1
5.306	0.1
5.300	0.1
5.295	0.1
5.290	0.1
5.284	0.1
5.279	0.1
5.274	0.1
5.269	0.1
5.263	0.1
5.258	0.1
5.253	0.1
5.247	0.1
5.242	0.2
5.237	0.2
5.231	0.2
5.226	0.2
5.221	0.2
5.216	0.2
5.210	0.2
5.205	0.2
5.200	0.2
5.194	0.2
5.189	0.2
5.184	0.2
5.178	0.2
5.173	0.2
5.168	0.2
5.162	0.2
5.157	0.3
5.152	0.3
5.147	0.3
5.141	0.3
5.136	0.4
5.131	0.4
5.125	0.4
5.120	0.4
5.115	0.4
5.109	0.4
5.104	0.4
5.099	0.4
5.094	0.4
5.088	0.4
5.083	0.4
5.078	0.4
5.072	0.4
5.067	0.4
5.062	0.4
5.056	0.4
5.051	0.4
5.046	0.4
5.040	0.4
5.035	0.4
5.030	0.4
5.025	0.4
5.019	0.4
5.014	0.4
5.009	0.4
5.003	0.4
4.998	0.5
4.993	0.5
4.987	0.5
4.982	0.5
4.977	0.7
4.971	0.7
4.966	0.7
4.961	0.7
4.956	0.7
4.950	0.7
4.945	0.7
4.940	0.8
4.934	0.8
4.929	0.8
4.924	0.8
4.918	0.8
4.913	0.8
4.908	0.8
4.902	0.9
4.897	0.9
4.892	0.9
4.887	0.9
4.881	0.9
4.876	0.9
4.871	0.9
4.865	0.9
4.860	1.2
4.855	1.3
4.849	1.6
4.844	1.6
4.839	1.6
4.833	1.6
4.828	1.7
4.823	1.7
4.818	1.7
4.812	1.7
4.807	1.7
4.802	1.6
4.796	1.6
4.791	1.6
4.786	1.9
4.780	2.3
4.775	2.7
4.770	2.8
4.764	3.0
4.759	3.2
4.754	3.3
4.748	3.3
4.743	3.3
4.738	3.3
4.733	3.2
4.727	2.8
4.722	2.4
4.717	2.3
4.711	2.4
4.706	2.8
4.701	3.2
4.695	3.6
4.690	4.0
4.685	4.7
4.679	5.1
4.674	5.2
4.669	5.2
4.663	5.2
4.658	5.0
4.653	4.6
4.648	4.0
4.642	3.6
4.637	3.2
4.632	3.2
4.626	3.6
4.621	4.4
4.616	5.2
4.610	6.0
4.605	6.7
4.600	7.1
4.594	7.5
4.589	7.5
4.584	7.4
4.578	7.2
4.573	6.8
4.568	5.9
4.563	5.1
4.557	4.4
4.552	4.1
4.547	4.4
4.541	5.2
4.536	6.4
4.531	7.3
4.525	8.3
4.520	9.5
4.515	10.2
4.509	10.0
4.504	9.3
4.499	8.8
4.493	8.8
4.488	8.1
4.483	6.9
4.478	5.6
4.472	4.8
4.467	4.8
4.462	5.5
4.456	6.8
4.451	8.4
4.446	9.6
4.440	10.8
4.435	12.4
4.430	13.7
4.424	13.6
4.419	12.7
4.414	12.2
4.408	11.7
4.403	10.4
4.398	8.5
4.392	6.9
4.387	5.8
4.382	5.6
4.377	6.2
4.371	7.9
4.366	10.0
4.361	11.6
4.355	12.7
4.350	14.7
4.345	16.7
4.339	16.9
4.334	15.6
4.329	14.7
4.323	14.3
4.318	12.8
4.313	10.4
4.307	8.1
4.302	6.6
4.297	6.0
4.291	6.1
4.286	7.7
4.281	10.4
4.275	12.8
4.270	13.8
4.265	14.9
4.260	17.6
4.254	19.6
4.249	18.8
4.244	17.2
4.238	16.7
4.233	16.3
4.228	13.9
4.222	10.8
4.217	8.4
4.212	6.9
4.206	6.4
4.201	6.7
4.196	8.4
4.190	11.6
4.185	14.0
4.180	15.2
4.174	16.8
4.169	19.4
4.164	20.8
4.158	19.6
4.153	18.3
4.148	18.3
4.143	18.1
4.137	15.6
4.132	12.0
4.127	9.2
4.121	7.4
4.116	6.6
4.111	6.6
4.105	8.1
4.100	11.7
4.095	15.3
4.089	16.3
4.084	17.2
4.079	20.7
4.073	24.7
4.068	23.9
4.063	20.8
4.057	19.6
4.052	20.0
4.047	18.3
4.041	14.3
4.036	10.8
4.031	8.4
4.025	7.2
4.020	6.8
4.015	7.2
4.009	9.7
4.004	14.0
3.999	16.9
3.994	17.3
3.988	18.6
3.983	23.3
3.978	26.8
3.972	24.7
3.967	21.5
3.962	20.8
3.956	21.1
3.951	18.7
3.946	14.7
3.940	11.1
3.935	8.7
3.930	7.5
3.924	7.1
3.919	7.5
3.914	9.8
3.908	13.8
3.903	16.8
3.898	17.6
3.892	18.7
3.887	23.4
3.882	28.3
3.876	27.1
3.871	23.2
3.866	21.6
3.860	22.3
3.855	20.7
3.850	16.8
3.844	12.8
3.839	10.0
3.834	8.0
3.829	7.2
3.823	7.2
3.818	8.4
3.813	12.0
3.807	16.4
3.802	18.7
3.797	18.8
3.791	20.4
3.786	26.1
3.781	29.6
3.775	26.7
3.770	22.8
3.765	21.9
3.759	22.1
3.754	20.2
3.749	16.7
3.743	13.1
3.738	10.3
3.733	8.5
3.727	7.6
3.722	7.4
3.717	8.3
3.711	11.5
3.706	16.3
3.701	19.1
3.695	19.4
3.690	20.2
3.685	25.1
3.679	30.1
3.674	28.8
3.669	24.8
3.663	23.0
3.658	23.5
3.653	22.6
3.647	19.2
3.642	15.2
3.637	11.8
3.632	9.4
3.626	8.0
3.621	7.2
3.616	7.2
3.610	8.8
3.605	12.8
3.600	17.6
3.594	19.5
3.589	19.3
3.584	20.3
3.578	25.1
3.573	28.9
3.568	27.3
3.562	24.2
3.557	23.0
3.552	23.6
3.546	22.8
3.541	19.6
3.536	15.6
3.530	12.4
3.525	10.0
3.520	8.4
3.514	7.6
3.509	7.6
3.504	8.4
3.498	11.6
3.493	16.3
3.488	19.3
3.482	19.8
3.477	19.9
3.472	23.2
3.466	28.8
3.461	29.9
3.456	27.1
3.450	24.0
3.445	23.6
3.440	23.7
3.434	22.1
3.429	18.9
3.424	15.4
3.418	12.3
3.413	10.0
3.408	8.6
3.402	7.9
3.397	7.8
3.392	8.6
3.386	11.2
3.381	15.2
3.376	18.0
3.370	19.3
3.365	19.7
3.360	22.4
3.354	27.0
3.349	28.3
3.344	26.3
3.338	23.9
3.333	23.1
3.328	23.5
3.322	22.7
3.317	20.3
3.312	17.1
3.306	13.9
3.301	11.4
3.296	9.5
3.291	8.3
3.285	7.8
3.280	7.7
3.275	8.6
3.269	10.8
3.264	13.7
3.259	15.5
3.253	16.2
3.248	16.7
3.243	19.4
3.237	24.7
3.232	28.3
3.227	27.5
3.221	25.1
3.216	23.8
3.211	23.9
3.205	23.7
3.200	22.1
3.195	19.2
3.189	15.9
3.184	13.1
3.179	10.9
3.173	9.4
3.168	8.5
3.163	8.1
3.157	8.4
3.152	10.0
3.147	13.6
3.141	17.9
3.136	20.3
3.131	20.6
3.125	20.7
3.120	23.4
3.115	28.1
3.109	30.5
3.104	29.8
3.099	27.0
3.093	25.1
3.088	24.8
3.083	24.7
3.077	23.4
3.072	20.7
3.067	17.2
3.061	14.1
3.056	11.7
3.051	10.0
3.045	9.0
3.040	8.6
3.035	8.6
3.029	9.5
3.024	12.0
3.019	16.4
3.013	20.0
3.008	21.6
3.003	21.4
2.997	21.8
2.992	25.3
2.987	30.5
2.981	32.8
2.976	31.3
2.971	28.3
2.965	26.3
2.960	25.8
2.955	25.6
2.949	24.4
2.944	22.0
2.939	18.8
2.933	15.6
2.928	12.8
2.923	10.8
2.917	9.6
2.912	8.8
2.907	8.4
2.901	8.8
2.896	10.1
2.891	13.6
2.885	18.3
2.880	21.4
2.875	22.2
2.869	21.9
2.864	22.5
2.859	26.1
2.853	31.0
2.848	33.4
2.843	32.4
2.837	29.5
2.832	27.1
2.827	26.4
2.821	26.4
2.816	25.9
2.811	23.9
2.805	20.7
2.800	17.2
2.795	14.2
2.789	11.8
2.784	10.1
2.779	8.9
2.773	8.2
2.768	8.1
2.763	8.6
2.757	10.3
2.752	13.8
2.747	18.6
2.741	22.2
2.736	25.3
2.731	24.1
2.725	23.6
2.720	26.2
2.715	31.1
2.709	34.2
2.704	33.5
2.699	30.6
2.693	28.1
2.688	26.6
2.683	26.2
2.677	25.8
2.672	24.7
2.667	22.8
2.661	20.0
2.656	16.8
2.651	14.0
2.645	11.9
2.640	10.4
2.635	9.3
2.629	8.8
2.624	8.7
2.619	9.1
2.613	10.3
2.608	13.1
2.602	17.5
2.597	21.7
2.592	24.0
2.586	24.2
2.581	23.5
2.576	23.7
2.570	26.8
2.565	32.0
2.560	35.6
2.554	35.5
2.549	32.6
2.544	29.2
2.538	27.2
2.533	26.8
2.528	27.0
2.522	26.6
2.517	24.7
2.512	21.7
2.506	18.4
2.501	15.4
2.496	13.0
2.490	11.1
2.485	9.9
2.480	9.1
2.474	8.7
2.469	8.7
2.464	9.1
2.458	10.3
2.453	12.8
2.448	16.8
2.442	21.1
2.437	23.9
2.432	24.6
2.426	23.9
2.421	23.5
2.416	25.0
2.410	29.3
2.405	34.1
2.400	36.4
2.394	35.2
2.389	32.1
2.384	28.8
2.378	26.9
2.373	26.4
2.368	26.7
2.362	26.4
2.357	25.1
2.352	22.6
2.346	19.6
2.341	16.6
2.336	14.1
2.330	12.1
2.325	10.6
2.320	9.5
2.314	8.9
2.309	8.8
2.304	8.9
2.298	9.3
2.293	10.5
2.288	12.6
2.282	16.3
2.277	20.6
2.272	23.8
2.266	25.2
2.261	24.8
2.256	22.9
2.250	21.6
2.245	22.4
2.240	26.0
2.234	30.9
2.229	34.8
2.223	34.7
2.218	32.0
2.213	28.8
2.207	26.7
2.202	25.9
2.197	25.9
2.191	25.9
2.186	25.4
2.181	23.8
2.175	21.2
2.170	18.0
2.165	15.2
2.159	12.9
2.154	11.5
2.149	10.4
2.143	9.6
2.138	9.2
2.133	9.1
2.127	9.1
2.122	9.3
2.117	10.0
2.111	11.3
2.106	13.8
2.101	17.4
2.095	21.5
2.090	24.5
2.085	25.6
2.079	25.2
2.074	24.0
2.069	23.5
2.063	24.6
2.058	27.9
2.053	32.4
2.047	36.0
2.042	36.8
2.037	34.9
2.031	31.6
2.026	28.3
2.021	26.0
2.015	25.2
2.010	25.5
2.005	26.0
1.999	26.1
1.994	24.9
1.989	22.9
1.983	20.1
1.978	17.4
1.972	14.8
1.967	12.8
1.962	11.2
1.956	10.1
1.951	9.2
1.946	8.8
1.940	8.4
1.935	8.5
1.930	8.9
1.924	9.4
1.919	10.1
1.914	11.4
1.908	13.7
1.903	16.9
1.898	20.6
1.892	23.7
1.887	25.3
1.882	25.3
1.876	24.4
1.871	23.3
1.866	22.7
1.860	23.7
1.855	26.8
1.850	31.2
1.844	35.2
1.839	36.8
1.834	35.7
1.828	32.6
1.823	29.1
1.818	26.2
1.812	24.7
1.807	24.3
1.802	24.9
1.796	25.7
1.791	26.0
1.786	25.6
1.780	24.2
1.775	21.8
1.769	19.2
1.764	16.5
1.759	14.4
1.753	12.4
1.748	11.2
1.743	10.4
1.737	9.6
1.732	9.2
1.727	9.0
1.721	8.9
1.716	9.0
1.711	9.0
1.705	9.4
1.700	9.8
1.695	10.8
1.689	12.4
1.684	14.9
1.679	18.2
1.673	21.5
1.668	24.1
1.663	25.5
1.657	25.7
1.652	24.8
1.647	23.6
1.641	22.7
1.636	22.7
1.631	24.2
1.625	27.3
1.620	31.5
1.615	35.5
1.609	37.9
1.604	37.7
1.599	35.3
1.593	31.9
1.588	28.5
1.582	25.9
1.577	24.7
1.572	24.4
1.566	25.2
1.561	26.2
1.556	26.8
1.550	26.5
1.545	25.8
1.540	24.2
1.534	22.5
1.529	20.2
1.524	17.7
1.518	15.5
1.513	13.7
1.508	12.1
1.502	11.2
1.497	10.4
1.492	9.9
1.486	9.5
1.481	9.1
1.476	8.8
1.470	8.7
1.465	8.7
1.460	9.1
1.454	9.4
1.449	9.8
1.444	10.3
1.438	11.3
1.433	12.6
1.428	14.7
1.422	17.5
1.417	20.9
1.411	24.1
1.406	26.6
1.401	27.8
1.395	27.8
1.390	26.7
1.385	25.4
1.379	24.1
1.374	23.4
1.369	23.4
1.363	24.6
1.358	27.0
1.353	30.2
1.347	33.8
1.342	37.2
1.337	39.5
1.331	39.7
1.326	38.0
1.321	34.9
1.315	31.3
1.310	28.1
1.305	25.7
1.299	24.5
1.294	24.5
1.289	25.1
1.283	26.0
1.278	27.1
1.273	28.0
1.267	28.6
1.262	28.5
1.256	27.5
1.251	25.6
1.246	23.0
1.240	20.5
1.235	18.2
1.230	16.3
1.224	14.7
1.219	13.4
1.214	12.2
1.208	11.3
1.203	10.7
1.198	10.2
1.192	9.8
1.187	9.4
1.182	9.2
1.176	9.0
1.171	9.0
1.166	9.1
1.160	9.1
1.155	9.1
1.150	9.1
1.144	9.2
1.139	9.6
1.134	10.1
1.128	11.0
1.123	11.9
1.118	12.8
1.112	14.0
1.107	16.0
1.101	18.3
1.096	21.1
1.091	23.8
1.085	26.2
1.080	28.1
1.075	29.2
1.069	29.2
1.064	28.4
1.059	27.2
1.053	25.8
1.048	24.4
1.043	23.2
1.037	22.5
1.032	22.5
1.027	23.3
1.021	25.3
1.016	27.9
1.011	31.1
1.005	34.8
1.000	38.6
0.995	41.6
0.989	43.3
0.984	43.3
0.979	41.7
0.973	39.0
0.968	35.9
0.962	32.8
0.957	30.0
0.952	27.6
0.946	25.4
0.941	23.8
0.936	23.2
0.930	23.3
0.925	24.0
0.920	24.7
0.914	25.5
0.909	25.8
0.904	25.2
0.898	24.3
0.893	23.6
0.888	23.1
0.882	23.0
0.877	23.2
0.872	23.8
0.866	24.1
0.861	23.5
0.856	22.0
0.850	20.4
0.845	18.5
0.840	16.8
0.834	15.2
0.829	14.0
0.823	13.1
0.818	12.3
0.813	11.5
0.807	10.9
0.802	10.5
0.797	10.1
0.791	9.8
0.786	9.6
0.781	9.4
0.775	9.2
0.770	9.1
0.765	9.0
0.759	8.8
0.754	8.7
0.749	8.7
0.743	8.6
0.738	8.6
0.733	8.7
0.727	8.7
0.722	8.8
0.717	8.8
0.711	9.0
0.706	9.1
0.701	9.3
0.695	9.6
0.690	9.9
0.684	10.1
0.679	10.4
0.674	10.8
0.668	11.3
0.663	11.9
0.658	12.7
0.652	13.5
0.647	14.5
0.642	15.5
0.636	16.6
0.631	17.9
0.626	19.6
0.620	21.2
0.615	22.8
0.610	24.3
0.604	25.5
0.599	26.7
0.594	27.8
0.588	28.5
0.583	28.9
0.578	29.0
0.572	28.7
0.567	28.3
0.561	27.9
0.556	27.6
0.551	27.2
0.545	26.5
0.540	25.8
0.535	25.1
0.529	24.5
0.524	23.8
0.519	23.4
0.513	23.0
0.508	22.6
0.503	22.3
0.497	22.3
0.492	22.2
0.487	22.0
0.481	22.1
0.476	22.6
0.471	23.5
0.465	24.5
0.460	25.4
0.455	26.6
0.449	27.7
0.444	29.0
0.438	30.4
0.433	31.7
0.428	33.0
0.422	34.5
0.417	36.0
0.412	37.5
0.406	38.8
0.401	39.9
0.396	40.7
0.390	41.4
0.385	41.7
0.380	41.8
0.374	41.7
0.369	41.4
0.364	40.8
0.358	39.9
0.353	39.0
0.348	38.2
0.342	37.3
0.337	36.6
0.332	35.8
0.326	35.0
0.321	34.1
0.316	33.2
0.310	32.2
0.305	31.3
0.299	30.4
0.294	29.6
0.289	28.8
0.283	28.0
0.278	27.2
0.273	26.5
0.267	25.9
0.262	25.4
0.257	24.9
0.251	24.5
0.246	24.3
0.241	24.1
0.235	23.9
0.230	23.6
0.225	23.4
0.219	23.3
0.214	23.1
0.209	22.8
0.203	22.7
0.198	22.7
0.193	22.7
0.187	22.8
0.182	22.8
0.176	22.8
0.171	22.8
0.166	22.8
0.160	22.8
0.155	22.8
0.150	22.8
0.144	22.8
0.139	22.8
0.134	22.9
0.128	22.9
0.123	22.9
0.118	23.0
0.112	23.1
0.107	23.2
0.102	23.2
0.096	23.2
0.091	23.3
0.086	23.3
0.080	23.4
0.075	23.4
0.070	23.5
0.064	23.5
0.059	23.6
0.053	23.5
0.048	23.6
0.043	23.6
0.037	23.7
0.032	23.7
0.027	23.8
0.021	23.9
0.016	24.0
0.011	24.0
0.005	24.1
0.000	24.4
-0.005	24.4
-0.011	24.1
-0.016	23.9
-0.021	23.9
-0.027	24.1
-0.032	24.1
-0.037	24.1
-0.043	24.2
-0.048	24.2
-0.053	24.2
-0.059	24.2
-0.064	24.2
-0.070	24.2
-0.075	24.1
-0.080	24.1
-0.086	24.1
-0.091	24.1
-0.096	24.0
-0.102	24.0
-0.107	24.0
-0.112	23.6
-0.118	23.2
-0.123	23.1
-0.128	23.2
-0.134	24.0
-0.139	24.4
-0.144	24.8
-0.150	24.9
-0.155	25.0
-0.160	25.1
-0.166	25.4
-0.171	25.7
-0.176	26.1
-0.182	26.4
-0.187	26.9
-0.193	27.5
-0.198	28.0
-0.203	28.3
-0.209	28.7
-0.214	29.4
-0.219	30.4
-0.225	31.3
-0.230	32.1
-0.235	32.9
-0.241	33.7
-0.246	34.5
-0.251	35.3
-0.257	36.0
-0.262	36.9
-0.267	37.7
-0.273	38.5
-0.278	38.6
-0.283	38.7
-0.289	39.1
-0.294	40.3
-0.299	41.0
-0.305	41.1
-0.310	41.1
-0.316	41.1
-0.321	41.1
-0.326	40.8
-0.332	40.3
-0.337	39.9
-0.342	39.2
-0.348	38.4
-0.353	37.4
-0.358	36.3
-0.364	35.1
-0.369	34.0
-0.374	32.8
-0.380	31.7
-0.385	30.6
-0.390	29.7
-0.396	28.6
-0.401	27.5
-0.406	26.7
-0.412	25.9
-0.417	25.3
-0.422	24.7
-0.428	24.2
-0.433	23.9
-0.438	23.8
-0.444	23.9
-0.449	24.0
-0.455	24.2
-0.460	24.4
-0.465	24.8
-0.471	25.1
-0.476	25.2
-0.481	25.3
-0.487	25.7
-0.492	25.7
-0.497	25.0
-0.503	24.4
-0.508	24.1
-0.513	24.3
-0.519	24.6
-0.524	24.6
-0.529	24.2
-0.535	23.7
-0.540	23.2
-0.545	22.0
-0.551	20.8
-0.556	19.7
-0.561	18.9
-0.567	18.1
-0.572	17.3
-0.578	16.5
-0.583	15.6
-0.588	14.8
-0.594	14.0
-0.599	13.2
-0.604	12.5
-0.610	11.8
-0.615	11.2
-0.620	10.7
-0.626	10.2
-0.631	9.8
-0.636	9.4
-0.642	9.3
-0.647	9.2
-0.652	9.1
-0.658	8.9
-0.663	8.7
-0.668	8.6
-0.674	8.5
-0.679	8.5
-0.684	8.5
-0.690	8.5
-0.695	8.6
-0.701	8.8
-0.706	8.9
-0.711	9.2
-0.717	9.4
-0.722	9.8
-0.727	10.1
-0.733	10.4
-0.738	10.8
-0.743	11.4
-0.749	12.1
-0.754	12.9
-0.759	13.7
-0.765	14.7
-0.770	15.9
-0.775	17.1
-0.781	18.3
-0.786	19.5
-0.791	20.9
-0.797	22.0
-0.802	22.5
-0.807	22.8
-0.813	23.2
-0.818	24.0
-0.823	24.8
-0.829	25.2
-0.834	25.2
-0.840	25.0
-0.845	24.7
-0.850	24.6
-0.856	24.5
-0.861	24.7
-0.866	25.1
-0.872	25.9
-0.877	27.1
-0.882	28.3
-0.888	29.8
-0.893	31.4
-0.898	32.8
-0.904	34.0
-0.909	34.8
-0.914	35.3
-0.920	35.3
-0.925	34.8
-0.930	33.9
-0.936	32.7
-0.941	30.9
-0.946	29.2
-0.952	27.8
-0.957	26.9
-0.962	26.1
-0.968	25.4
-0.973	24.8
-0.979	24.5
-0.984	24.3
-0.989	24.3
-0.995	24.1
-1.000	23.8
-1.005	23.5
-1.011	23.0
-1.016	22.4
-1.021	21.6
-1.027	20.7
-1.032	19.6
-1.037	18.4
-1.043	17.3
-1.048	16.0
-1.053	14.8
-1.059	13.7
-1.064	12.6
-1.069	11.6
-1.075	10.9
-1.080	10.3
-1.085	9.9
-1.091	9.5
-1.096	9.5
-1.101	9.5
-1.107	9.5
-1.112	9.5
-1.118	9.8
-1.123	10.0
-1.128	10.4
-1.134	10.8
-1.139	11.5
-1.144	12.3
-1.150	13.2
-1.155	14.4
-1.160	15.4
-1.166	16.5
-1.171	18.0
-1.176	19.9
-1.182	21.7
-1.187	23.6
-1.192	24.9
-1.198	25.7
-1.203	25.9
-1.208	25.8
-1.214	25.5
-1.219	25.4
-1.224	25.5
-1.230	26.0
-1.235	27.1
-1.240	28.5
-1.246	30.1
-1.251	31.6
-1.256	32.9
-1.262	33.5
-1.267	33.6
-1.273	33.2
-1.278	32.3
-1.283	31.0
-1.289	29.6
-1.294	28.0
-1.299	26.7
-1.305	25.5
-1.310	24.6
-1.315	24.0
-1.321	23.5
-1.326	23.0
-1.331	22.1
-1.337	20.9
-1.342	19.8
-1.347	18.9
-1.353	18.1
-1.358	16.9
-1.363	15.7
-1.369	14.5
-1.374	13.3
-1.379	12.1
-1.385	11.2
-1.390	10.5
-1.395	10.0
-1.401	9.6
-1.406	9.5
-1.411	9.5
-1.417	9.7
-1.422	10.0
-1.428	10.4
-1.433	11.0
-1.438	11.8
-1.444	12.8
-1.449	14.3
-1.454	15.8
-1.460	17.4
-1.465	19.0
-1.470	20.7
-1.476	22.1
-1.481	23.1
-1.486	23.5
-1.492	23.7
-1.497	23.8
-1.502	24.2
-1.508	25.0
-1.513	26.0
-1.518	27.0
-1.524	28.3
-1.529	29.2
-1.534	30.5
-1.540	30.8
-1.545	30.4
-1.550	29.6
-1.556	28.3
-1.561	26.7
-1.566	25.1
-1.572	23.9
-1.577	23.1
-1.582	22.5
-1.588	21.7
-1.593	21.0
-1.599	20.2
-1.604	19.1
-1.609	18.0
-1.615	16.7
-1.620	15.1
-1.625	13.5
-1.631	12.3
-1.636	11.5
-1.641	10.8
-1.647	10.3
-1.652	9.9
-1.657	9.6
-1.663	9.6
-1.668	10.0
-1.673	10.7
-1.679	11.5
-1.684	12.6
-1.689	14.0
-1.695	15.7
-1.700	17.7
-1.705	19.7
-1.711	21.4
-1.716	22.7
-1.721	23.5
-1.727	24.0
-1.732	24.4
-1.737	24.9
-1.743	25.8
-1.748	27.3
-1.753	28.8
-1.759	30.1
-1.764	30.7
-1.769	30.1
-1.775	29.1
-1.780	27.9
-1.786	26.7
-1.791	25.7
-1.796	24.8
-1.802	24.0
-1.807	23.2
-1.812	22.3
-1.818	21.3
-1.823	20.1
-1.828	18.7
-1.834	17.5
-1.839	16.1
-1.844	14.7
-1.850	13.4
-1.855	12.1
-1.860	11.3
-1.866	10.7
-1.871	10.3
-1.876	10.2
-1.882	10.3
-1.887	10.8
-1.892	11.6
-1.898	12.8
-1.903	14.4
-1.908	16.4
-1.914	18.4
-1.919	20.4
-1.924	22.0
-1.930	23.2
-1.935	24.0
-1.940	24.6
-1.946	25.3
-1.951	26.5
-1.956	28.0
-1.962	29.3
-1.967	30.4
-1.972	30.8
-1.978	30.6
-1.983	29.8
-1.989	28.4
-1.994	26.8
-1.999	25.3
-2.005	24.2
-2.010	23.0
-2.015	21.8
-2.021	20.6
-2.026	19.3
-2.031	17.7
-2.037	16.0
-2.042	14.3
-2.047	12.7
-2.053	11.5
-2.058	10.7
-2.063	10.3
-2.069	10.2
-2.074	10.3
-2.079	10.8
-2.085	11.7
-2.090	13.0
-2.095	14.8
-2.101	16.9
-2.106	19.1
-2.111	21.1
-2.117	22.8
-2.122	24.0
-2.127	24.8
-2.133	25.5
-2.138	26.4
-2.143	28.0
-2.149	29.3
-2.154	30.3
-2.159	30.4
-2.165	30.0
-2.170	28.9
-2.175	27.3
-2.181	25.7
-2.186	24.5
-2.191	23.2
-2.197	22.0
-2.202	20.7
-2.207	19.0
-2.213	17.1
-2.218	15.2
-2.223	13.6
-2.229	12.3
-2.234	11.3
-2.240	10.6
-2.245	10.2
-2.250	10.1
-2.256	10.4
-2.261	11.2
-2.266	12.7
-2.272	14.8
-2.277	17.0
-2.282	19.3
-2.288	21.2
-2.293	22.4
-2.298	23.4
-2.304	24.5
-2.309	25.7
-2.314	27.4
-2.320	28.9
-2.325	29.9
-2.330	30.0
-2.336	29.6
-2.341	28.2
-2.346	26.4
-2.352	24.6
-2.357	23.1
-2.362	21.7
-2.368	20.6
-2.373	19.3
-2.378	17.9
-2.384	16.2
-2.389	14.4
-2.394	12.8
-2.400	11.6
-2.405	10.8
-2.410	10.5
-2.416	10.5
-2.421	11.3
-2.426	12.5
-2.432	14.1
-2.437	16.2
-2.442	18.5
-2.448	20.5
-2.453	22.1
-2.458	23.2
-2.464	24.3
-2.469	25.5
-2.474	26.8
-2.480	28.1
-2.485	29.1
-2.490	29.4
-2.496	28.4
-2.501	26.4
-2.506	24.4
-2.512	22.6
-2.517	21.4
-2.522	20.3
-2.528	19.2
-2.533	17.7
-2.538	16.0
-2.544	14.2
-2.549	12.5
-2.554	11.3
-2.560	10.6
-2.565	10.3
-2.570	10.5
-2.576	11.4
-2.581	12.9
-2.586	14.8
-2.592	16.9
-2.597	19.1
-2.602	21.0
-2.608	22.2
-2.613	22.9
-2.619	24.0
-2.624	25.7
-2.629	27.2
-2.635	28.0
-2.640	28.0
-2.645	27.2
-2.651	25.8
-2.656	24.2
-2.661	22.6
-2.667	21.2
-2.672	19.7
-2.677	18.1
-2.683	15.9
-2.688	13.7
-2.693	12.0
-2.699	10.7
-2.704	10.0
-2.709	9.9
-2.715	10.3
-2.720	11.0
-2.725	12.2
-2.731	14.2
-2.736	17.8
-2.741	19.7
-2.747	21.1
-2.752	22.2
-2.757	23.3
-2.763	24.6
-2.768	26.1
-2.773	26.9
-2.779	26.9
-2.784	26.3
-2.789	25.0
-2.795	23.5
-2.800	21.9
-2.805	20.3
-2.811	18.7
-2.816	17.1
-2.821	15.2
-2.827	13.4
-2.832	11.8
-2.837	10.6
-2.843	9.8
-2.848	9.8
-2.853	10.3
-2.859	11.6
-2.864	13.2
-2.869	15.1
-2.875	17.2
-2.880	19.4
-2.885	21.0
-2.891	22.2
-2.896	23.6
-2.901	25.1
-2.907	26.0
-2.912	26.2
-2.917	25.4
-2.923	23.9
-2.928	22.2
-2.933	20.6
-2.939	19.2
-2.944	17.7
-2.949	16.1
-2.955	14.4
-2.960	12.4
-2.965	11.0
-2.971	10.0
-2.976	9.7
-2.981	10.1
-2.987	11.2
-2.992	12.9
-2.997	15.1
-3.003	17.6
-3.008	19.7
-3.013	21.3
-3.019	22.7
-3.024	24.2
-3.029	25.9
-3.035	27.0
-3.040	27.3
-3.045	26.2
-3.051	24.2
-3.056	22.0
-3.061	20.3
-3.067	19.0
-3.072	17.6
-3.077	15.6
-3.083	13.6
-3.088	11.6
-3.093	10.4
-3.099	9.6
-3.104	9.8
-3.109	10.8
-3.115	12.7
-3.120	14.8
-3.125	17.0
-3.131	19.0
-3.136	20.7
-3.141	22.0
-3.147	24.0
-3.152	26.3
-3.157	27.4
-3.163	27.3
-3.168	26.3
-3.173	24.7
-3.179	22.7
-3.184	20.9
-3.189	19.2
-3.195	17.3
-3.200	15.1
-3.205	12.8
-3.211	11.1
-3.216	10.0
-3.221	9.9
-3.227	10.3
-3.232	11.9
-3.237	14.2
-3.243	17.1
-3.248	19.6
-3.253	21.4
-3.259	22.4
-3.264	23.8
-3.269	25.5
-3.275	27.1
-3.280	26.7
-3.285	24.3
-3.291	20.8
-3.296	18.1
-3.301	16.6
-3.306	15.7
-3.312	14.8
-3.317	13.2
-3.322	11.4
-3.328	10.2
-3.333	9.6
-3.338	9.8
-3.344	10.8
-3.349	12.8
-3.354	15.2
-3.360	18.1
-3.365	20.3
-3.370	21.7
-3.376	22.7
-3.381	24.1
-3.386	25.6
-3.392	26.4
-3.397	25.6
-3.402	23.8
-3.408	21.8
-3.413	20.1
-3.418	18.4
-3.424	16.2
-3.429	13.7
-3.434	11.4
-3.440	9.8
-3.445	9.3
-3.450	9.5
-3.456	10.7
-3.461	12.7
-3.466	15.2
-3.472	17.8
-3.477	19.9
-3.482	21.4
-3.488	23.0
-3.493	24.8
-3.498	25.6
-3.504	24.9
-3.509	22.8
-3.514	20.8
-3.520	19.4
-3.525	18.2
-3.530	16.4
-3.536	14.0
-3.541	11.6
-3.546	9.9
-3.552	9.1
-3.557	9.2
-3.562	10.2
-3.568	12.1
-3.573	14.8
-3.578	17.7
-3.584	19.8
-3.589	21.1
-3.594	22.7
-3.600	24.6
-3.605	26.1
-3.610	25.6
-3.616	23.2
-3.621	20.8
-3.626	19.3
-3.632	17.8
-3.637	15.5
-3.642	12.7
-3.647	10.4
-3.653	9.2
-3.658	8.9
-3.663	9.4
-3.669	11.0
-3.674	13.6
-3.679	16.9
-3.685	19.6
-3.690	20.9
-3.695	22.1
-3.701	24.1
-3.706	26.2
-3.711	26.3
-3.717	23.6
-3.722	21.3
-3.727	20.0
-3.733	18.5
-3.738	15.8
-3.743	12.6
-3.749	10.3
-3.754	9.1
-3.759	8.7
-3.765	9.5
-3.770	11.1
-3.775	13.9
-3.781	17.5
-3.786	20.1
-3.791	20.9
-3.797	21.9
-3.802	24.3
-3.807	26.2
-3.813	24.9
-3.818	22.1
-3.823	20.5
-3.829	19.7
-3.834	17.4
-3.839	13.9
-3.844	10.9
-3.850	9.2
-3.855	8.4
-3.860	8.8
-3.866	10.0
-3.871	12.8
-3.876	16.7
-3.882	19.9
-3.887	20.8
-3.892	21.9
-3.898	24.7
-3.903	27.4
-3.908	25.7
-3.914	22.2
-3.919	20.2
-3.924	18.6
-3.930	16.1
-3.935	12.8
-3.940	10.0
-3.946	8.4
-3.951	8.0
-3.956	8.3
-3.962	9.7
-3.967	12.7
-3.972	16.7
-3.978	19.3
-3.983	20.0
-3.988	21.8
-3.994	25.8
-3.999	27.5
-4.004	24.2
-4.009	21.4
-4.015	20.5
-4.020	19.0
-4.025	15.4
-4.031	11.8
-4.036	9.4
-4.041	8.3
-4.047	7.9
-4.052	8.7
-4.057	10.9
-4.063	15.0
-4.068	18.4
-4.073	19.3
-4.079	20.7
-4.084	24.6
-4.089	26.6
-4.095	23.4
-4.100	20.4
-4.105	19.7
-4.111	18.6
-4.116	15.0
-4.121	11.4
-4.127	9.2
-4.132	8.0
-4.137	8.0
-4.143	9.1
-4.148	11.8
-4.153	15.9
-4.158	18.3
-4.164	18.6
-4.169	20.3
-4.174	24.7
-4.180	26.3
-4.185	22.7
-4.190	20.5
-4.196	20.1
-4.201	17.8
-4.206	13.8
-4.212	10.5
-4.217	8.5
-4.222	7.7
-4.228	8.0
-4.233	9.7
-4.238	13.2
-4.244	16.4
-4.249	17.2
-4.254	18.3
-4.260	22.2
-4.265	25.5
-4.270	23.0
-4.275	20.2
-4.281	19.8
-4.286	18.3
-4.291	14.3
-4.297	10.8
-4.302	8.7
-4.307	7.6
-4.313	7.6
-4.318	9.2
-4.323	12.6
-4.329	15.8
-4.334	16.5
-4.339	17.1
-4.345	20.9
-4.350	24.5
-4.355	22.4
-4.361	19.8
-4.366	19.4
-4.371	17.4
-4.377	13.3
-4.382	10.0
-4.387	8.0
-4.392	7.2
-4.398	7.3
-4.403	9.3
-4.408	12.9
-4.414	15.7
-4.419	16.4
-4.424	18.1
-4.430	22.1
-4.435	23.2
-4.440	20.2
-4.446	18.8
-4.451	18.4
-4.456	15.6
-4.462	11.9
-4.467	9.2
-4.472	7.6
-4.478	7.2
-4.483	8.1
-4.488	10.6
-4.493	13.2
-4.499	14.2
-4.504	14.8
-4.509	17.9
-4.515	21.1
-4.520	19.9
-4.525	18.2
-4.531	17.7
-4.536	15.6
-4.541	12.2
-4.547	9.3
-4.552	7.6
-4.557	6.8
-4.563	7.3
-4.568	9.5
-4.573	12.6
-4.578	14.2
-4.584	15.0
-4.589	17.1
-4.594	19.4
-4.600	18.3
-4.605	16.7
-4.610	16.2
-4.616	14.3
-4.621	11.2
-4.626	8.7
-4.632	7.1
-4.637	6.6
-4.642	7.1
-4.648	9.0
-4.653	11.6
-4.658	13.1
-4.663	14.3
-4.669	16.8
-4.674	18.3
-4.679	17.0
-4.685	15.5
-4.690	14.6
-4.695	12.4
-4.701	9.6
-4.706	7.4
-4.711	6.2
-4.717	5.8
-4.722	6.8
-4.727	8.8
-4.733	10.4
-4.738	11.2
-4.743	12.7
-4.748	15.0
-4.754	15.6
-4.759	14.4
-4.764	13.3
-4.770	11.9
-4.775	9.7
-4.780	7.7
-4.786	6.4
-4.791	5.6
-4.796	6.0
-4.802	7.5
-4.807	9.1
-4.812	10.3
-4.818	11.6
-4.823	13.2
-4.828	13.9
-4.833	13.1
-4.839	12.3
-4.844	11.3
-4.849	9.3
-4.855	7.4
-4.860	6.1
-4.865	5.3
-4.871	5.3
-4.876	6.4
-4.881	8.0
-4.887	9.2
-4.892	10.3
-4.897	11.5
-4.902	12.2
-4.908	11.7
-4.913	10.7
-4.918	9.7
-4.924	8.3
-4.929	6.7
-4.934	5.5
-4.940	4.8
-4.945	4.8
-4.950	5.6
-4.956	6.8
-4.961	8.0
-4.966	8.7
-4.971	9.3
-4.977	9.7
-4.982	9.4
-4.987	8.8
-4.993	8.0
-4.998	6.8
-5.003	5.6
-5.009	4.8
-5.014	4.4
-5.019	4.4
-5.025	4.9
-5.030	5.7
-5.035	6.4
-5.040	7.0
-5.046	7.4
-5.051	7.6
-5.056	7.5
-5.062	7.1
-5.067	6.3
-5.072	5.2
-5.078	4.4
-5.083	4.0
-5.088	3.7
-5.094	3.7
-5.099	4.0
-5.104	4.5
-5.109	5.1
-5.115	5.6
-5.120	5.6
-5.125	5.5
-5.131	5.2
-5.136	4.8
-5.141	4.3
-5.147	3.7
-5.152	3.2
-5.157	3.1
-5.162	3.1
-5.168	3.2
-5.173	3.4
-5.178	3.7
-5.184	3.7
-5.189	4.0
-5.194	4.0
-5.200	4.0
-5.205	3.6
-5.210	3.2
-5.216	2.8
-5.221	2.5
-5.226	2.2
-5.231	2.2
-5.237	2.2
-5.242	2.4
-5.247	2.4
-5.253	2.4
-5.258	2.4
-5.263	2.4
-5.269	2.4
-5.274	2.3
-5.279	2.0
-5.284	2.0
-5.290	1.7
-5.295	1.6
-5.300	1.6
-5.306	1.6
-5.311	1.6
-5.316	1.6
-5.322	1.6
-5.327	1.6
-5.332	1.6
-5.337	1.6
-5.343	1.4
-5.348	1.2
-5.353	1.2
-5.359	1.2
-5.364	1.2
-5.369	1.2
-5.375	1.1
-5.380	1.1
-5.385	1.1
-5.390	1.1
-5.396	1.0
-5.401	1.0
-5.406	0.9
-5.412	0.8
-5.417	0.8
-5.422	0.8
-5.428	0.8
-5.433	0.8
-5.438	0.8
-5.443	0.8
-5.449	0.8
-5.454	0.8
