&a / °	I1 / %
2.736	11.3
2.733	11.3
2.731	11.3
2.728	11.3
2.725	11.2
2.723	11.2
2.720	11.2
2.717	11.1
2.715	11.1
2.712	11.1
2.709	11.1
2.707	11.1
2.704	11.0
2.701	11.1
2.699	11.1
2.696	11.1
2.693	11.1
2.691	11.1
2.688	11.0
2.685	11.0
2.683	11.0
2.680	11.0
2.677	11.0
2.675	11.0
2.672	11.0
2.669	11.0
2.667	11.0
2.664	11.0
2.661	10.9
2.659	10.9
2.656	10.9
2.653	10.9
2.651	10.8
2.648	10.8
2.645	10.8
2.643	10.8
2.640	10.8
2.637	10.8
2.635	10.8
2.632	10.7
2.629	10.7
2.627	10.7
2.624	10.6
2.621	10.6
2.619	10.6
2.616	10.6
2.613	10.6
2.610	10.6
2.608	10.6
2.605	10.6
2.602	10.6
2.600	10.6
2.597	10.6
2.594	10.6
2.592	10.6
2.589	10.6
2.586	10.6
2.584	10.6
2.581	10.6
2.578	10.6
2.576	10.6
2.573	10.6
2.570	10.6
2.568	10.5
2.565	10.5
2.562	10.5
2.560	10.5
2.557	10.5
2.554	10.5
2.552	10.5
2.549	10.5
2.546	10.5
2.544	10.5
2.541	10.5
2.538	10.5
2.536	10.5
2.533	10.5
2.530	10.5
2.528	10.4
2.525	10.4
2.522	10.4
2.520	10.4
2.517	10.4
2.514	10.4
2.512	10.3
2.509	10.3
2.506	10.3
2.504	10.3
2.501	10.3
2.498	10.3
2.496	10.3
2.493	10.3
2.490	10.3
2.488	10.3
2.485	10.3
2.482	10.3
2.480	10.3
2.477	10.3
2.474	10.3
2.472	10.2
2.469	10.2
2.466	10.2
2.464	10.2
2.461	10.2
2.458	10.2
2.456	10.2
2.453	10.2
2.450	10.2
2.448	10.2
2.445	10.2
2.442	10.2
2.440	10.2
2.437	10.1
2.434	10.1
2.432	10.1
2.429	10.2
2.426	10.1
2.424	10.1
2.421	10.1
2.418	10.1
2.416	10.1
2.413	10.1
2.410	10.1
2.408	10.1
2.405	10.1
2.402	10.1
2.400	10.1
2.397	10.1
2.394	10.0
2.392	10.0
2.389	10.0
2.386	10.0
2.384	10.0
2.381	10.0
2.378	10.0
2.376	10.0
2.373	9.9
2.370	9.9
2.368	9.9
2.365	10.0
2.362	9.9
2.360	9.9
2.357	9.9
2.354	9.9
2.352	9.9
2.349	9.9
2.346	9.9
2.344	9.9
2.341	9.9
2.338	9.9
2.336	9.9
2.333	9.9
2.330	9.9
2.328	9.9
2.325	9.8
2.322	9.8
2.320	9.8
2.317	9.8
2.314	9.8
2.312	9.8
2.309	9.8
2.306	9.8
2.304	9.8
2.301	9.7
2.298	9.7
2.296	9.8
2.293	9.7
2.290	9.7
2.288	9.7
2.285	9.7
2.282	9.7
2.280	9.7
2.277	9.7
2.274	9.7
2.272	9.7
2.269	9.7
2.266	9.7
2.264	9.6
2.261	9.6
2.258	9.6
2.256	9.6
2.253	9.6
2.250	9.6
2.248	9.6
2.245	9.6
2.242	9.5
2.240	9.5
2.237	9.5
2.234	9.6
2.231	9.5
2.229	9.5
2.226	9.5
2.223	9.5
2.221	9.5
2.218	9.5
2.215	9.5
2.213	9.4
2.210	9.4
2.207	9.4
2.205	9.4
2.202	9.4
2.199	9.4
2.197	9.4
2.194	9.4
2.191	9.4
2.189	9.4
2.186	9.4
2.183	9.4
2.181	9.4
2.178	9.4
2.175	9.4
2.173	9.4
2.170	9.4
2.167	9.4
2.165	9.4
2.162	9.4
2.159	9.4
2.157	9.4
2.154	9.4
2.151	9.4
2.149	9.3
2.146	9.3
2.143	9.3
2.141	9.3
2.138	9.3
2.135	9.3
2.133	9.3
2.130	9.3
2.127	9.2
2.125	9.3
2.122	9.3
2.119	9.2
2.117	9.2
2.114	9.2
2.111	9.1
2.109	9.1
2.106	9.2
2.103	9.2
2.101	9.1
2.098	9.1
2.095	9.1
2.093	9.1
2.090	9.1
2.087	9.1
2.085	9.1
2.082	9.1
2.079	9.1
2.077	9.1
2.074	9.1
2.071	9.1
2.069	9.1
2.066	9.1
2.063	9.1
2.061	9.1
2.058	9.1
2.055	9.1
2.053	9.0
2.050	9.0
2.047	9.0
2.045	9.1
2.042	9.0
2.039	9.0
2.037	9.0
2.034	9.0
2.031	9.0
2.029	9.0
2.026	9.0
2.023	9.0
2.021	8.9
2.018	8.9
2.015	8.9
2.013	8.9
2.010	8.9
2.007	8.9
2.005	8.9
2.002	8.9
1.999	8.9
1.997	8.9
1.994	8.9
1.991	8.9
1.989	8.9
1.986	8.8
1.983	8.8
1.980	8.8
1.978	8.8
1.975	8.8
1.972	8.8
1.970	8.8
1.967	8.8
1.964	8.7
1.962	8.7
1.959	8.7
1.956	8.7
1.954	8.7
1.951	8.7
1.948	8.7
1.946	8.7
1.943	8.7
1.940	8.7
1.938	8.7
1.935	8.7
1.932	8.7
1.930	8.7
1.927	8.6
1.924	8.6
1.922	8.6
1.919	8.6
1.916	8.7
1.914	8.6
1.911	8.6
1.908	8.6
1.906	8.6
1.903	8.6
1.900	8.5
1.898	8.6
1.895	8.6
1.892	8.6
1.890	8.5
1.887	8.5
1.884	8.6
1.882	8.5
1.879	8.5
1.876	8.6
1.874	8.5
1.871	8.4
1.868	8.4
1.866	8.4
1.863	8.4
1.860	8.4
1.858	8.5
1.855	8.4
1.852	8.4
1.850	8.4
1.847	8.4
1.844	8.3
1.842	8.4
1.839	8.4
1.836	8.4
1.834	8.4
1.831	8.4
1.828	8.4
1.826	8.4
1.823	8.4
1.820	8.4
1.818	8.4
1.815	8.4
1.812	8.4
1.810	8.4
1.807	8.3
1.804	8.3
1.802	8.3
1.799	8.4
1.796	8.3
1.794	8.3
1.791	8.3
1.788	8.3
1.786	8.3
1.783	8.3
1.780	8.3
1.778	8.3
1.775	8.3
1.772	8.3
1.769	8.3
1.767	8.3
1.764	8.3
1.761	8.3
1.759	8.3
1.756	8.3
1.753	8.3
1.751	8.3
1.748	8.2
1.745	8.3
1.743	8.3
1.740	8.2
1.737	8.2
1.735	8.2
1.732	8.2
1.729	8.2
1.727	8.2
1.724	8.2
1.721	8.2
1.719	8.2
1.716	8.2
1.713	8.2
1.711	8.2
1.708	8.2
1.705	8.2
1.703	8.2
1.700	8.1
1.697	8.1
1.695	8.2
1.692	8.1
1.689	8.1
1.687	8.2
1.684	8.1
1.681	8.1
1.679	8.1
1.676	8.1
1.673	8.1
1.671	8.1
1.668	8.1
1.665	8.1
1.663	8.1
1.660	8.1
1.657	8.1
1.655	8.0
1.652	8.0
1.649	8.1
1.647	8.1
1.644	8.1
1.641	8.0
1.639	8.0
1.636	8.0
1.633	8.0
1.631	8.0
1.628	8.0
1.625	8.0
1.623	8.0
1.620	8.0
1.617	8.0
1.615	8.0
1.612	8.0
1.609	8.0
1.607	8.0
1.604	8.0
1.601	8.0
1.599	7.9
1.596	7.9
1.593	7.9
1.591	8.0
1.588	7.9
1.585	7.9
1.582	7.9
1.580	7.9
1.577	7.9
1.574	7.9
1.572	7.9
1.569	7.9
1.566	7.9
1.564	7.9
1.561	7.9
1.558	7.9
1.556	7.9
1.553	7.9
1.550	7.9
1.548	7.8
1.545	7.8
1.542	7.8
1.540	7.8
1.537	7.8
1.534	7.8
1.532	7.8
1.529	7.8
1.526	7.8
1.524	7.8
1.521	7.8
1.518	7.8
1.516	7.8
1.513	7.8
1.510	7.8
1.508	7.8
1.505	7.8
1.502	7.7
1.500	7.7
1.497	7.7
1.494	7.7
1.492	7.7
1.489	7.7
1.486	7.7
1.484	7.7
1.481	7.7
1.478	7.7
1.476	7.7
1.473	7.7
1.470	7.6
1.468	7.6
1.465	7.6
1.462	7.6
1.460	7.6
1.457	7.6
1.454	7.6
1.452	7.6
1.449	7.6
1.446	7.6
1.444	7.6
1.441	7.6
1.438	7.6
1.436	7.6
1.433	7.6
1.430	7.6
1.428	7.6
1.425	7.5
1.422	7.5
1.419	7.6
1.417	7.6
1.414	7.5
1.411	7.5
1.409	7.5
1.406	7.5
1.403	7.5
1.401	7.5
1.398	7.5
1.395	7.5
1.393	7.5
1.390	7.5
1.387	7.5
1.385	7.5
1.382	7.5
1.379	7.5
1.377	7.5
1.374	7.5
1.371	7.5
1.369	7.3
1.366	7.4
1.363	7.3
1.361	7.3
1.358	7.3
1.355	7.3
1.353	7.3
1.350	7.3
1.347	7.3
1.345	7.3
1.342	7.3
1.339	7.3
1.337	7.2
1.334	7.3
1.331	7.2
1.329	7.2
1.326	7.2
1.323	7.2
1.321	7.2
1.318	7.2
1.315	7.2
1.313	7.2
1.310	7.2
1.307	7.2
1.305	7.2
1.302	7.2
1.299	7.2
1.297	7.2
1.294	7.1
1.291	7.1
1.289	7.1
1.286	7.1
1.283	7.1
1.281	7.1
1.278	7.1
1.275	7.1
1.273	7.1
1.270	7.1
1.267	7.0
1.265	7.0
1.262	7.1
1.259	7.1
1.256	7.1
1.254	7.1
1.251	7.0
1.248	7.0
1.246	7.0
1.243	7.1
1.240	7.1
1.238	7.0
1.235	7.0
1.232	7.0
1.230	6.9
1.227	7.0
1.224	7.0
1.222	7.0
1.219	7.0
1.216	7.0
1.214	7.0
1.211	7.0
1.208	6.9
1.206	7.0
1.203	7.0
1.200	7.0
1.198	6.9
1.195	6.9
1.192	6.9
1.190	6.9
1.187	6.9
1.184	7.0
1.182	6.9
1.179	6.9
1.176	6.9
1.174	6.9
1.171	6.8
1.168	6.9
1.166	6.9
1.163	6.9
1.160	6.9
1.158	6.9
1.155	6.9
1.152	6.9
1.150	6.8
1.147	6.9
1.144	6.8
1.142	6.8
1.139	6.8
1.136	6.8
1.134	6.8
1.131	6.8
1.128	6.8
1.126	6.8
1.123	6.8
1.120	6.8
1.118	6.8
1.115	6.8
1.112	6.8
1.109	6.8
1.107	6.8
1.104	6.8
1.101	6.8
1.099	6.7
1.096	6.7
1.093	6.7
1.091	6.8
1.088	6.8
1.085	6.7
1.083	6.7
1.080	6.7
1.077	6.7
1.075	6.7
1.072	6.7
1.069	6.8
1.067	6.8
1.064	6.7
1.061	6.7
1.059	6.7
1.056	6.7
1.053	6.8
1.051	6.8
1.048	6.7
1.045	6.7
1.043	6.7
1.040	6.7
1.037	6.7
1.035	6.8
1.032	6.7
1.029	6.7
1.027	6.7
1.024	6.7
1.021	6.7
1.019	6.7
1.016	6.7
1.013	6.7
1.011	6.7
1.008	6.7
1.005	6.7
1.003	6.7
1.000	6.7
0.997	6.7
0.995	6.7
0.992	6.7
0.989	6.7
0.987	6.7
0.984	6.6
0.981	6.6
0.979	6.6
0.976	6.7
0.973	6.7
0.970	6.7
0.968	6.6
0.965	6.6
0.962	6.6
0.960	6.6
0.957	6.6
0.954	6.7
0.952	6.6
0.949	6.6
0.946	6.6
0.944	6.6
0.941	6.6
0.938	6.6
0.936	6.6
0.933	6.6
0.930	6.6
0.928	6.6
0.925	6.6
0.922	6.6
0.920	6.6
0.917	6.6
0.914	6.6
0.912	6.6
0.909	6.6
0.906	6.5
0.904	6.5
0.901	6.5
0.898	6.5
0.896	6.5
0.893	6.5
0.890	6.5
0.888	6.5
0.885	6.5
0.882	6.5
0.880	6.5
0.877	6.5
0.874	6.5
0.872	6.5
0.869	6.5
0.866	6.4
0.864	6.5
0.861	6.4
0.858	6.4
0.856	6.4
0.853	6.4
0.850	6.4
0.848	6.4
0.845	6.4
0.842	6.4
0.840	6.4
0.837	6.4
0.834	6.4
0.831	6.4
0.829	6.4
0.826	6.4
0.823	6.4
0.821	6.4
0.818	6.4
0.815	6.4
0.813	6.4
0.810	6.4
0.807	6.4
0.805	6.4
0.802	6.4
0.799	6.4
0.797	6.4
0.794	6.4
0.791	6.4
0.789	6.3
0.786	6.4
0.783	6.4
0.781	6.4
0.778	6.3
0.775	6.4
0.773	6.4
0.770	6.3
0.767	6.4
0.765	6.4
0.762	6.4
0.759	6.3
0.757	6.4
0.754	6.4
0.751	6.3
0.749	6.3
0.746	6.4
0.743	6.4
0.741	6.3
0.738	6.3
0.735	6.3
0.733	6.3
0.730	6.3
0.727	6.3
0.725	6.3
0.722	6.3
0.719	6.3
0.717	6.3
0.714	6.3
0.711	6.3
0.709	6.3
0.706	6.3
0.703	6.3
0.701	6.3
0.698	6.3
0.695	6.3
0.692	6.3
0.690	6.3
0.687	6.3
0.684	6.3
0.682	6.3
0.679	6.2
0.676	6.2
0.674	6.2
0.671	6.2
0.668	6.2
0.666	6.2
0.663	6.2
0.660	6.2
0.658	6.2
0.655	6.3
0.652	6.3
0.650	6.3
0.647	6.2
0.644	6.2
0.642	6.3
0.639	6.3
0.636	6.3
0.634	6.3
0.631	6.3
0.628	6.3
0.626	6.2
0.623	6.2
0.620	6.2
0.618	6.2
0.615	6.2
0.612	6.2
0.610	6.2
0.607	6.2
0.604	6.2
0.602	6.2
0.599	6.2
0.596	6.2
0.594	6.2
0.591	6.2
0.588	6.2
0.586	6.2
0.583	6.2
0.580	6.2
0.578	6.2
0.575	6.2
0.572	6.2
0.570	6.2
0.567	6.2
0.564	6.2
0.561	6.2
0.559	6.2
0.556	6.2
0.553	6.2
0.551	6.2
0.548	6.2
0.545	6.2
0.543	6.2
0.540	6.2
0.537	6.2
0.535	6.2
0.532	6.2
0.529	6.2
0.527	6.1
0.524	6.1
0.521	6.2
0.519	6.2
0.516	6.2
0.513	6.2
0.511	6.2
0.508	6.2
0.505	6.2
0.503	6.2
0.500	6.4
0.497	6.4
0.495	6.6
0.492	6.9
0.489	7.4
0.487	7.8
0.484	8.6
0.481	9.6
0.479	10.6
0.476	11.2
0.473	11.5
0.471	11.4
0.468	10.9
0.465	10.3
0.463	9.6
0.460	8.7
0.457	7.9
0.455	7.2
0.452	6.8
0.449	6.5
0.447	6.4
0.444	6.3
0.441	6.3
0.438	6.3
0.436	6.2
0.433	6.2
0.430	6.2
0.428	6.2
0.425	6.2
0.422	6.2
0.420	6.2
0.417	6.1
0.414	6.1
0.412	6.1
0.409	6.1
0.406	6.1
0.404	6.1
0.401	6.0
0.398	6.0
0.396	6.0
0.393	6.0
0.390	6.0
0.388	6.0
0.385	6.0
0.382	6.0
0.380	6.0
0.377	6.0
0.374	6.0
0.372	6.0
0.369	6.0
0.366	6.0
0.364	6.0
0.361	6.0
0.358	6.0
0.356	6.0
0.353	5.9
0.350	6.0
0.348	6.0
0.345	6.0
0.342	6.0
0.340	6.0
0.337	5.9
0.334	5.9
0.332	6.0
0.329	6.0
0.326	6.0
0.324	6.0
0.321	6.0
0.318	6.0
0.316	5.9
0.313	5.9
0.310	6.0
0.307	6.0
0.305	5.9
0.302	5.9
0.299	5.9
0.297	5.9
0.294	5.9
0.291	5.9
0.289	5.9
0.286	5.9
0.283	5.9
0.281	5.9
0.278	5.9
0.275	5.9
0.273	5.9
0.270	5.9
0.267	5.9
0.265	5.9
0.262	5.9
0.259	5.9
0.257	5.9
0.254	5.9
0.251	5.9
0.249	5.9
0.246	5.8
0.243	5.9
0.241	5.8
0.238	5.8
0.235	5.8
0.233	5.8
0.230	5.8
0.227	5.8
0.225	5.8
0.222	5.8
0.219	5.8
0.217	5.8
0.214	5.8
0.211	5.8
0.209	5.8
0.206	5.8
0.203	5.8
0.201	5.8
0.198	5.8
0.195	5.9
0.193	5.8
0.190	5.8
0.187	5.8
0.184	5.9
0.182	5.8
0.179	5.8
0.176	5.8
0.174	5.9
0.171	5.8
0.168	5.8
0.166	5.8
0.163	5.8
0.160	5.8
0.158	5.8
0.155	5.8
0.152	5.8
0.150	5.8
0.147	5.8
0.144	5.7
0.142	5.7
0.139	5.8
0.136	5.8
0.134	5.7
0.131	5.7
0.128	5.8
0.126	5.8
0.123	5.8
0.120	5.9
0.118	5.9
0.115	6.0
0.112	6.2
0.110	6.4
0.107	6.4
0.104	6.5
0.102	6.5
0.099	6.5
0.096	6.4
0.094	6.3
0.091	6.2
0.088	6.0
0.086	5.9
0.083	5.9
0.080	5.8
0.078	5.8
0.075	5.8
0.072	5.8
0.070	5.7
0.067	5.7
0.064	5.7
0.061	5.8
0.059	5.7
0.056	5.7
0.053	5.7
0.051	5.7
0.048	5.7
0.045	5.7
0.043	5.7
0.040	5.7
0.037	5.6
0.035	5.6
0.032	5.6
0.029	5.6
0.027	5.6
0.024	5.7
0.021	5.6
0.019	5.6
0.016	5.6
0.013	5.6
0.011	5.6
0.008	5.6
0.005	5.6
0.003	5.7
0.000	5.7
-0.003	5.7
-0.005	5.7
-0.008	5.7
-0.011	5.6
-0.013	5.7
-0.016	5.6
-0.019	5.6
-0.021	5.6
-0.024	5.7
-0.027	5.6
-0.029	5.6
-0.032	5.6
-0.035	5.6
-0.037	5.6
-0.040	5.7
-0.043	5.7
-0.045	5.7
-0.048	5.7
-0.051	5.7
-0.053	5.6
-0.056	5.7
-0.059	5.7
-0.061	5.7
-0.064	5.7
-0.067	5.7
-0.070	5.6
-0.072	5.6
-0.075	5.6
-0.078	5.7
-0.080	5.6
-0.083	5.6
-0.086	5.6
-0.088	5.6
-0.091	5.5
-0.094	5.5
-0.096	5.5
-0.099	5.6
-0.102	5.5
-0.104	5.6
-0.107	5.5
-0.110	5.6
-0.112	5.5
-0.115	5.5
-0.118	5.6
-0.120	5.6
-0.123	5.5
-0.126	5.6
-0.128	5.5
-0.131	5.5
-0.134	5.6
-0.136	5.6
-0.139	5.5
-0.142	5.5
-0.144	5.5
-0.147	5.5
-0.150	5.5
-0.152	5.5
-0.155	5.5
-0.158	5.5
-0.160	5.5
-0.163	5.5
-0.166	5.5
-0.168	5.5
-0.171	5.5
-0.174	5.5
-0.176	5.4
-0.179	5.4
-0.182	5.5
-0.184	5.5
-0.187	5.5
-0.190	5.5
-0.193	5.5
-0.195	5.5
-0.198	5.4
-0.201	5.5
-0.203	5.4
-0.206	5.5
-0.209	5.4
-0.211	5.5
-0.214	5.5
-0.217	5.5
-0.219	5.5
-0.222	5.5
-0.225	5.4
-0.227	5.5
-0.230	5.5
-0.233	5.4
-0.235	5.4
-0.238	5.4
-0.241	5.4
-0.243	5.4
-0.246	5.4
-0.249	5.4
-0.251	5.4
-0.254	5.4
-0.257	5.4
-0.259	5.4
-0.262	5.4
-0.265	5.4
-0.267	5.4
-0.270	5.4
-0.273	5.4
-0.275	5.4
-0.278	5.4
-0.281	5.4
-0.283	5.4
-0.286	5.4
-0.289	5.4
-0.291	5.4
-0.294	5.4
-0.297	5.4
-0.299	5.3
-0.302	5.3
-0.305	5.3
-0.307	5.3
-0.310	5.3
-0.313	5.3
-0.316	5.3
-0.318	5.3
-0.321	5.3
-0.324	5.4
-0.326	5.3
-0.329	5.3
-0.332	5.4
-0.334	5.4
-0.337	5.3
-0.340	5.4
-0.342	5.4
-0.345	5.4
-0.348	5.4
-0.350	5.3
-0.353	5.3
-0.356	5.3
-0.358	5.3
-0.361	5.3
-0.364	5.3
-0.366	5.3
-0.369	5.3
-0.372	5.3
-0.374	5.3
-0.377	5.3
-0.380	5.3
-0.382	5.3
-0.385	5.3
-0.388	5.3
-0.390	5.3
-0.393	5.3
-0.396	5.3
-0.398	5.3
-0.401	5.3
-0.404	5.3
-0.406	5.3
-0.409	5.3
-0.412	5.3
-0.414	5.3
-0.417	5.3
-0.420	5.3
-0.422	5.3
-0.425	5.3
-0.428	5.3
-0.430	5.3
-0.433	5.3
-0.436	5.3
-0.438	5.3
-0.441	5.3
-0.444	5.2
-0.447	5.3
-0.449	5.3
-0.452	5.3
-0.455	5.3
-0.457	5.3
-0.460	5.3
-0.463	5.3
-0.465	5.3
-0.468	5.3
-0.471	5.2
-0.473	5.2
-0.476	5.2
-0.479	5.3
-0.481	5.2
-0.484	5.2
-0.487	5.2
-0.489	5.2
-0.492	5.2
-0.495	5.3
-0.497	5.3
-0.500	5.3
-0.503	5.2
-0.505	5.3
-0.508	5.2
-0.511	5.2
-0.513	5.2
-0.516	5.3
-0.519	5.2
-0.521	5.2
-0.524	5.2
-0.527	5.2
-0.529	5.2
-0.532	5.2
-0.535	5.2
-0.537	5.2
-0.540	5.2
-0.543	5.2
-0.545	5.2
-0.548	5.2
-0.551	5.2
-0.553	5.2
-0.556	5.2
-0.559	5.2
-0.561	5.2
-0.564	5.2
-0.567	5.2
-0.570	5.2
-0.572	5.2
-0.575	5.2
-0.578	5.2
-0.580	5.2
-0.583	5.2
-0.586	5.2
-0.588	5.2
-0.591	5.2
-0.594	5.2
-0.596	5.2
-0.599	5.2
-0.602	5.2
-0.604	5.2
-0.607	5.2
-0.610	5.2
-0.612	5.2
-0.615	5.2
-0.618	5.2
-0.620	5.2
-0.623	5.2
-0.626	5.2
-0.628	5.2
-0.631	5.2
-0.634	5.2
-0.636	5.2
-0.639	5.2
-0.642	5.2
-0.644	5.2
-0.647	5.2
-0.650	5.2
-0.652	5.2
-0.655	5.2
-0.658	5.2
-0.660	5.2
-0.663	5.2
-0.666	5.2
-0.668	5.2
-0.671	5.2
-0.674	5.2
-0.676	5.2
-0.679	5.2
-0.682	5.2
-0.684	5.2
-0.687	5.2
-0.690	5.2
-0.692	5.2
-0.695	5.2
-0.698	5.2
-0.701	5.2
-0.703	5.2
-0.706	5.2
-0.709	5.2
-0.711	5.2
-0.714	5.2
-0.717	5.2
-0.719	5.2
-0.722	5.2
-0.725	5.2
-0.727	5.2
-0.730	5.2
-0.733	5.2
-0.735	5.2
-0.738	5.2
-0.741	5.2
-0.743	5.2
-0.746	5.2
-0.749	5.2
-0.751	5.2
-0.754	5.2
-0.757	5.2
-0.759	5.2
-0.762	5.2
-0.765	5.2
-0.767	5.2
-0.770	5.2
-0.773	5.2
-0.775	5.1
-0.778	5.2
-0.781	5.2
-0.783	5.2
-0.786	5.2
-0.789	5.2
-0.791	5.1
-0.794	5.2
-0.797	5.2
-0.799	5.2
-0.802	5.2
-0.805	5.2
-0.807	5.2
-0.810	5.2
-0.813	5.2
-0.815	5.2
-0.818	5.2
-0.821	5.2
-0.823	5.2
-0.826	5.2
-0.829	5.2
-0.831	5.2
-0.834	5.2
-0.837	5.2
-0.840	5.2
-0.842	5.2
-0.845	5.2
-0.848	5.2
-0.850	5.2
-0.853	5.2
-0.856	5.2
-0.858	5.2
-0.861	5.2
-0.864	5.2
-0.866	5.2
-0.869	5.2
-0.872	5.2
-0.874	5.2
-0.877	5.2
-0.880	5.2
-0.882	5.2
-0.885	5.2
-0.888	5.2
-0.890	5.2
-0.893	5.2
-0.896	5.2
-0.898	5.1
-0.901	5.2
-0.904	5.1
-0.906	5.1
-0.909	5.1
-0.912	5.2
-0.914	5.2
-0.917	5.2
-0.920	5.1
-0.922	5.2
-0.925	5.1
-0.928	5.2
-0.930	5.2
-0.933	5.2
-0.936	5.2
-0.938	5.2
-0.941	5.2
-0.944	5.1
-0.946	5.1
-0.949	5.2
-0.952	5.2
-0.954	5.2
-0.957	5.2
-0.960	5.2
-0.962	5.2
-0.965	5.2
-0.968	5.2
-0.970	5.2
-0.973	5.1
-0.976	5.1
-0.979	5.2
-0.981	5.2
-0.984	5.2
-0.987	5.2
-0.989	5.2
-0.992	5.2
-0.995	5.1
-0.997	5.1
-1.000	5.1
-1.003	5.1
-1.005	5.1
-1.008	5.1
-1.011	5.1
-1.013	5.1
-1.016	5.1
-1.019	5.1
-1.021	5.1
-1.024	5.1
-1.027	5.1
-1.029	5.1
-1.032	5.1
-1.035	5.1
-1.037	5.1
-1.040	5.1
-1.043	5.1
-1.045	5.1
-1.048	5.1
-1.051	5.1
-1.053	5.1
-1.056	5.1
-1.059	5.1
-1.061	5.1
-1.064	5.1
-1.067	5.1
-1.069	5.1
-1.072	5.1
-1.075	5.1
-1.077	5.1
-1.080	5.1
-1.083	5.1
-1.085	5.1
-1.088	5.1
-1.091	5.1
-1.093	5.2
-1.096	5.1
-1.099	5.1
-1.101	5.1
-1.104	5.1
-1.107	5.1
-1.109	5.1
-1.112	5.1
-1.115	5.1
-1.118	5.1
-1.120	5.1
-1.123	5.1
-1.126	5.1
-1.128	5.1
-1.131	5.1
-1.134	5.1
-1.136	5.1
-1.139	5.1
-1.142	5.1
-1.144	5.1
-1.147	5.1
-1.150	5.1
-1.152	5.1
-1.155	5.1
-1.158	5.1
-1.160	5.1
-1.163	5.1
-1.166	5.1
-1.168	5.1
-1.171	5.1
-1.174	5.1
-1.176	5.1
-1.179	5.1
-1.182	5.1
-1.184	5.1
-1.187	5.1
-1.190	5.1
-1.192	5.1
-1.195	5.1
-1.198	5.1
-1.200	5.1
-1.203	5.1
-1.206	5.1
-1.208	5.1
-1.211	5.1
-1.214	5.1
-1.216	5.1
-1.219	5.1
-1.222	5.1
-1.224	5.1
-1.227	5.1
-1.230	5.1
-1.232	5.1
-1.235	5.1
-1.238	5.1
-1.240	5.1
-1.243	5.1
-1.246	5.1
-1.248	5.1
-1.251	5.1
-1.254	5.1
-1.256	5.1
-1.259	5.1
-1.262	5.1
-1.265	5.1
-1.267	5.1
-1.270	5.1
-1.273	5.1
-1.275	5.1
-1.278	5.1
-1.281	5.1
-1.283	5.1
-1.286	5.1
-1.289	5.1
-1.291	5.1
-1.294	5.1
-1.297	5.1
-1.299	5.1
-1.302	5.1
-1.305	5.1
-1.307	5.1
-1.310	5.1
-1.313	5.1
-1.315	5.1
-1.318	5.1
-1.321	5.1
-1.323	5.1
-1.326	5.1
-1.329	5.1
-1.331	5.1
-1.334	5.1
-1.337	5.1
-1.339	5.1
-1.342	5.1
-1.345	5.1
-1.347	5.1
-1.350	5.1
-1.353	5.1
-1.355	5.1
-1.358	5.1
-1.361	5.1
-1.363	5.1
-1.366	5.1
-1.369	5.1
-1.371	5.0
-1.374	5.0
-1.377	5.0
-1.379	5.0
-1.382	5.0
-1.385	5.0
-1.387	5.0
-1.390	5.0
-1.393	5.0
-1.395	5.0
-1.398	5.0
-1.401	5.0
-1.403	5.0
-1.406	5.0
-1.409	5.0
-1.411	5.0
-1.414	5.0
-1.417	5.0
-1.419	5.0
-1.422	5.0
-1.425	5.0
-1.428	5.0
-1.430	5.0
-1.433	5.0
-1.436	5.0
-1.438	5.0
-1.441	5.0
-1.444	5.0
-1.446	5.0
-1.449	5.0
-1.452	5.0
-1.454	5.0
-1.457	5.0
-1.460	5.0
-1.462	5.0
-1.465	5.0
-1.468	5.0
-1.470	5.0
-1.473	5.0
-1.476	5.0
-1.478	5.0
-1.481	5.0
-1.484	5.0
-1.486	5.0
-1.489	5.0
-1.492	5.0
-1.494	5.0
-1.497	5.0
-1.500	5.0
-1.502	5.0
-1.505	5.0
-1.508	5.0
-1.510	5.0
-1.513	4.9
-1.516	5.0
-1.518	5.0
-1.521	5.0
-1.524	5.0
-1.526	5.0
-1.529	5.0
-1.532	5.0
-1.534	5.0
-1.537	5.0
-1.540	5.0
-1.542	5.0
-1.545	5.0
-1.548	5.0
-1.550	5.0
-1.553	5.0
-1.556	5.0
-1.558	4.9
-1.561	4.9
-1.564	4.9
-1.566	4.9
-1.569	4.9
-1.572	4.9
-1.574	4.9
-1.577	4.9
-1.580	4.9
-1.582	4.9
-1.585	4.9
-1.588	4.9
-1.591	4.9
-1.593	4.9
-1.596	5.0
-1.599	5.0
-1.601	5.0
-1.604	5.0
-1.607	5.0
-1.609	4.9
-1.612	4.9
-1.615	4.9
-1.617	4.9
-1.620	4.9
-1.623	4.9
-1.625	4.9
-1.628	4.9
-1.631	4.9
-1.633	4.9
-1.636	4.9
-1.639	4.9
-1.641	4.9
-1.644	4.9
-1.647	4.9
-1.649	4.9
-1.652	4.9
-1.655	4.9
-1.657	4.9
-1.660	4.9
-1.663	4.9
-1.665	4.9
-1.668	4.9
-1.671	4.9
-1.673	4.9
-1.676	4.9
-1.679	4.9
-1.681	4.9
-1.684	4.9
-1.687	4.9
-1.689	4.9
-1.692	4.9
-1.695	4.9
-1.697	4.9
-1.700	4.9
-1.703	4.9
-1.705	4.9
-1.708	4.9
-1.711	4.8
-1.713	4.8
-1.716	4.8
-1.719	4.9
-1.721	4.8
-1.724	4.8
-1.727	4.8
-1.729	4.9
-1.732	4.9
-1.735	4.9
-1.737	4.9
-1.740	4.9
-1.743	4.9
-1.745	4.9
-1.748	4.9
-1.751	4.9
-1.753	4.9
-1.756	4.9
-1.759	4.9
-1.761	4.8
-1.764	4.8
-1.767	4.9
-1.769	4.8
-1.772	4.8
-1.775	4.8
-1.778	4.8
-1.780	4.8
-1.783	4.8
-1.786	4.9
-1.788	4.8
-1.791	4.8
-1.794	4.8
-1.796	4.8
-1.799	4.9
-1.802	4.9
-1.804	4.9
-1.807	4.8
-1.810	4.8
-1.812	4.9
-1.815	4.9
-1.818	4.8
-1.820	4.9
-1.823	4.9
-1.826	4.8
-1.828	4.8
-1.831	4.8
-1.834	4.8
-1.836	4.8
-1.839	4.8
-1.842	4.8
-1.844	4.8
-1.847	4.8
-1.850	4.8
-1.852	4.8
-1.855	4.8
-1.858	4.8
-1.860	4.8
-1.863	4.8
-1.866	4.8
-1.868	4.8
-1.871	4.8
-1.874	4.8
-1.876	4.8
-1.879	4.8
-1.882	4.8
-1.884	4.8
-1.887	4.8
-1.890	4.8
-1.892	4.8
-1.895	4.8
-1.898	4.8
-1.900	4.8
-1.903	4.8
-1.906	4.8
-1.908	4.8
-1.911	4.8
-1.914	4.7
-1.916	4.7
-1.919	4.7
-1.922	4.7
-1.924	4.7
-1.927	4.7
-1.930	4.7
-1.932	4.7
-1.935	4.7
-1.938	4.8
-1.940	4.7
-1.943	4.7
-1.946	4.7
-1.948	4.7
-1.951	4.8
-1.954	4.7
-1.956	4.7
-1.959	4.7
-1.962	4.7
-1.964	4.8
-1.967	4.8
-1.970	4.8
-1.972	4.8
-1.975	4.8
-1.978	4.7
-1.980	4.7
-1.983	4.7
-1.986	4.8
-1.989	4.7
-1.991	4.7
-1.994	4.7
-1.997	4.8
-1.999	4.8
-2.002	4.7
-2.005	4.7
-2.007	4.8
-2.010	4.7
-2.013	4.7
-2.015	4.7
-2.018	4.7
-2.021	4.7
-2.023	4.7
-2.026	4.7
-2.029	4.7
-2.031	4.7
-2.034	4.7
-2.037	4.7
-2.039	4.7
-2.042	4.7
-2.045	4.7
-2.047	4.7
-2.050	4.7
-2.053	4.7
-2.055	4.7
-2.058	4.7
-2.061	4.7
-2.063	4.7
-2.066	4.7
-2.069	4.7
-2.071	4.7
-2.074	4.7
-2.077	4.7
-2.079	4.7
-2.082	4.7
-2.085	4.7
-2.087	4.7
-2.090	4.7
-2.093	4.7
-2.095	4.7
-2.098	4.7
-2.101	4.7
-2.103	4.7
-2.106	4.7
-2.109	4.7
-2.111	4.7
-2.114	4.7
-2.117	4.7
-2.119	4.7
-2.122	4.7
-2.125	4.7
-2.127	4.7
-2.130	4.7
-2.133	4.7
-2.135	4.7
-2.138	4.7
-2.141	4.7
-2.143	4.7
-2.146	4.7
-2.149	4.7
-2.151	4.7
-2.154	4.7
-2.157	4.7
-2.159	4.7
-2.162	4.7
-2.165	4.7
-2.167	4.7
-2.170	4.7
-2.173	4.7
-2.175	4.7
-2.178	4.7
-2.181	4.7
-2.183	4.7
-2.186	4.7
-2.189	4.7
-2.191	4.7
-2.194	4.7
-2.197	4.7
-2.199	4.7
-2.202	4.7
-2.205	4.7
-2.207	4.7
-2.210	4.7
-2.213	4.7
-2.215	4.7
-2.218	4.7
-2.221	4.7
-2.223	4.7
-2.226	4.7
-2.229	4.7
-2.231	4.7
-2.234	4.7
-2.237	4.7
-2.240	4.7
-2.242	4.7
-2.245	4.7
-2.248	4.7
-2.250	4.7
-2.253	4.7
-2.256	4.7
-2.258	4.7
-2.261	4.7
-2.264	4.7
-2.266	4.6
-2.269	4.7
-2.272	4.7
-2.274	4.7
-2.277	4.6
-2.280	4.6
-2.282	4.6
-2.285	4.6
-2.288	4.6
-2.290	4.7
-2.293	4.6
-2.296	4.6
-2.298	4.6
-2.301	4.7
-2.304	4.7
-2.306	4.7
-2.309	4.6
-2.312	4.6
-2.314	4.6
-2.317	4.7
-2.320	4.6
-2.322	4.7
-2.325	4.7
-2.328	4.7
-2.330	4.6
-2.333	4.6
-2.336	4.7
-2.338	4.7
-2.341	4.6
-2.344	4.6
-2.346	4.6
-2.349	4.6
-2.352	4.6
-2.354	4.6
-2.357	4.6
-2.360	4.7
-2.362	4.7
-2.365	4.7
-2.368	4.6
-2.370	4.7
-2.373	4.7
-2.376	4.7
-2.378	4.7
-2.381	4.7
-2.384	4.7
-2.386	4.7
-2.389	4.7
-2.392	4.7
-2.394	4.7
-2.397	4.7
-2.400	4.6
-2.402	4.6
-2.405	4.6
-2.408	4.6
-2.410	4.6
-2.413	4.6
-2.416	4.6
-2.418	4.7
-2.421	4.6
-2.424	4.6
-2.426	4.6
-2.429	4.6
-2.432	4.6
-2.434	4.6
-2.437	4.6
-2.440	4.6
-2.442	4.6
-2.445	4.6
-2.448	4.6
-2.450	4.6
-2.453	4.6
-2.456	4.6
-2.458	4.6
-2.461	4.6
-2.464	4.6
-2.466	4.6
-2.469	4.6
-2.472	4.6
-2.474	4.6
-2.477	4.6
-2.480	4.6
-2.482	4.6
-2.485	4.6
-2.488	4.6
-2.490	4.6
-2.493	4.6
-2.496	4.5
-2.498	4.6
-2.501	4.6
-2.504	4.6
-2.506	4.6
-2.509	4.6
-2.512	4.5
-2.514	4.5
-2.517	4.5
-2.520	4.6
-2.522	4.5
-2.525	4.5
-2.528	4.6
-2.530	4.6
-2.533	4.6
-2.536	4.6
-2.538	4.5
-2.541	4.5
-2.544	4.5
-2.546	4.5
-2.549	4.5
-2.552	4.5
-2.554	4.5
-2.557	4.5
-2.560	4.5
-2.562	4.5
-2.565	4.5
-2.568	4.5
-2.570	4.5
-2.573	4.6
-2.576	4.5
-2.578	4.5
-2.581	4.5
-2.584	4.5
-2.586	4.5
-2.589	4.5
-2.592	4.5
-2.594	4.5
-2.597	4.5
-2.600	4.5
-2.602	4.5
-2.605	4.5
-2.608	4.5
-2.610	4.5
-2.613	4.5
-2.616	4.5
-2.619	4.5
-2.621	4.5
-2.624	4.5
-2.627	4.5
-2.629	4.5
-2.632	4.5
-2.635	4.5
-2.637	4.5
-2.640	4.5
-2.643	4.5
-2.645	4.5
-2.648	4.5
-2.651	4.5
-2.653	4.5
-2.656	4.5
-2.659	4.5
-2.661	4.5
-2.664	4.5
-2.667	4.5
-2.669	4.5
-2.672	4.5
-2.675	4.5
-2.677	4.5
-2.680	4.5
-2.683	4.5
-2.685	4.5
-2.688	4.5
-2.691	4.5
-2.693	4.5
-2.696	4.5
-2.699	4.5
-2.701	4.5
-2.704	4.5
-2.707	4.5
-2.709	4.5
-2.712	4.5
-2.715	4.5
-2.717	4.5
-2.720	4.5
-2.723	4.5
-2.725	4.5
-2.728	4.5
-2.731	4.5
-2.733	4.5
