&a / °	I1 / %
2.736	10.6
2.733	10.6
2.731	10.6
2.728	10.5
2.725	10.5
2.723	10.5
2.720	10.5
2.717	10.4
2.715	10.4
2.712	10.4
2.709	10.4
2.707	10.4
2.704	10.4
2.701	10.4
2.699	10.3
2.696	10.3
2.693	10.3
2.691	10.4
2.688	10.3
2.685	10.3
2.683	10.3
2.680	10.2
2.677	10.2
2.675	10.2
2.672	10.2
2.669	10.2
2.667	10.2
2.664	10.2
2.661	10.1
2.659	10.1
2.656	10.1
2.653	10.1
2.651	10.1
2.648	10.1
2.645	10.1
2.643	10.1
2.640	10.0
2.637	10.0
2.635	10.0
2.632	10.0
2.629	10.0
2.627	10.0
2.624	9.9
2.621	9.9
2.619	9.9
2.616	9.9
2.613	9.8
2.610	9.8
2.608	9.8
2.605	9.8
2.602	9.8
2.600	9.8
2.597	9.8
2.594	9.8
2.592	9.8
2.589	9.8
2.586	9.8
2.584	9.9
2.581	9.9
2.578	9.9
2.576	9.9
2.573	9.9
2.570	9.9
2.568	9.9
2.565	9.8
2.562	9.8
2.560	9.8
2.557	9.9
2.554	9.8
2.552	9.8
2.549	9.8
2.546	9.8
2.544	9.8
2.541	9.8
2.538	9.8
2.536	9.8
2.533	9.7
2.530	9.7
2.528	9.7
2.525	9.7
2.522	9.7
2.520	9.7
2.517	9.7
2.514	9.7
2.512	9.7
2.509	9.7
2.506	9.7
2.504	9.7
2.501	9.6
2.498	9.6
2.496	9.6
2.493	9.6
2.490	9.5
2.488	9.6
2.485	9.6
2.482	9.6
2.480	9.6
2.477	9.6
2.474	9.6
2.472	9.6
2.469	9.6
2.466	9.5
2.464	9.5
2.461	9.5
2.458	9.5
2.456	9.5
2.453	9.5
2.450	9.5
2.448	9.5
2.445	9.5
2.442	9.5
2.440	9.5
2.437	9.4
2.434	9.4
2.432	9.4
2.429	9.5
2.426	9.5
2.424	9.4
2.421	9.4
2.418	9.4
2.416	9.4
2.413	9.4
2.410	9.4
2.408	9.4
2.405	9.4
2.402	9.4
2.400	9.3
2.397	9.3
2.394	9.3
2.392	9.3
2.389	9.3
2.386	9.3
2.384	9.3
2.381	9.3
2.378	9.2
2.376	9.2
2.373	9.2
2.370	9.2
2.368	9.2
2.365	9.2
2.362	9.2
2.360	9.2
2.357	9.2
2.354	9.2
2.352	9.2
2.349	9.2
2.346	9.1
2.344	9.1
2.341	9.1
2.338	9.1
2.336	9.1
2.333	9.1
2.330	9.1
2.328	9.1
2.325	9.1
2.322	9.1
2.320	9.0
2.317	9.0
2.314	9.1
2.312	9.1
2.309	9.0
2.306	9.0
2.304	9.0
2.301	9.0
2.298	9.0
2.296	9.0
2.293	9.0
2.290	8.9
2.288	8.9
2.285	8.9
2.282	8.9
2.280	8.9
2.277	8.9
2.274	8.9
2.272	8.9
2.269	8.9
2.266	8.9
2.264	8.9
2.261	8.9
2.258	8.9
2.256	8.9
2.253	8.9
2.250	8.9
2.248	8.9
2.245	8.9
2.242	8.8
2.240	8.8
2.237	8.9
2.234	8.8
2.231	8.8
2.229	8.8
2.226	8.8
2.223	8.7
2.221	8.8
2.218	8.8
2.215	8.8
2.213	8.7
2.210	8.7
2.207	8.7
2.205	8.7
2.202	8.7
2.199	8.7
2.197	8.7
2.194	8.7
2.191	8.7
2.189	8.7
2.186	8.7
2.183	8.7
2.181	8.7
2.178	8.7
2.175	8.7
2.173	8.7
2.170	8.7
2.167	8.7
2.165	8.7
2.162	8.7
2.159	8.7
2.157	8.7
2.154	8.6
2.151	8.6
2.149	8.6
2.146	8.6
2.143	8.6
2.141	8.6
2.138	8.6
2.135	8.6
2.133	8.6
2.130	8.5
2.127	8.5
2.125	8.5
2.122	8.5
2.119	8.5
2.117	8.4
2.114	8.4
2.111	8.3
2.109	8.4
2.106	8.4
2.103	8.5
2.101	8.4
2.098	8.4
2.095	8.4
2.093	8.4
2.090	8.4
2.087	8.4
2.085	8.4
2.082	8.4
2.079	8.4
2.077	8.4
2.074	8.4
2.071	8.4
2.069	8.4
2.066	8.4
2.063	8.4
2.061	8.4
2.058	8.3
2.055	8.3
2.053	8.2
2.050	8.3
2.047	8.4
2.045	8.4
2.042	8.3
2.039	8.3
2.037	8.2
2.034	8.2
2.031	8.2
2.029	8.3
2.026	8.3
2.023	8.2
2.021	8.2
2.018	8.2
2.015	8.2
2.013	8.2
2.010	8.2
2.007	8.2
2.005	8.1
2.002	8.1
1.999	8.1
1.997	8.1
1.994	8.1
1.991	8.1
1.989	8.1
1.986	8.1
1.983	8.1
1.980	8.1
1.978	8.1
1.975	8.1
1.972	8.1
1.970	8.1
1.967	8.1
1.964	8.1
1.962	8.1
1.959	8.1
1.956	8.1
1.954	8.1
1.951	8.1
1.948	8.1
1.946	8.1
1.943	8.1
1.940	8.1
1.938	8.1
1.935	8.1
1.932	8.1
1.930	8.1
1.927	8.0
1.924	8.0
1.922	8.0
1.919	8.0
1.916	8.0
1.914	8.0
1.911	8.0
1.908	8.0
1.906	8.0
1.903	8.0
1.900	8.0
1.898	8.0
1.895	8.0
1.892	8.0
1.890	8.0
1.887	8.0
1.884	7.9
1.882	7.9
1.879	7.9
1.876	7.9
1.874	7.9
1.871	7.9
1.868	7.9
1.866	7.9
1.863	7.9
1.860	7.8
1.858	7.8
1.855	7.8
1.852	7.8
1.850	7.8
1.847	7.8
1.844	7.8
1.842	7.8
1.839	7.8
1.836	7.8
1.834	7.8
1.831	7.8
1.828	7.8
1.826	7.8
1.823	7.8
1.820	7.8
1.818	7.8
1.815	7.8
1.812	7.8
1.810	7.7
1.807	7.7
1.804	7.7
1.802	7.7
1.799	7.7
1.796	7.7
1.794	7.7
1.791	7.7
1.788	7.7
1.786	7.7
1.783	7.7
1.780	7.7
1.778	7.7
1.775	7.7
1.772	7.7
1.769	7.7
1.767	7.7
1.764	7.7
1.761	7.7
1.759	7.7
1.756	7.7
1.753	7.7
1.751	7.7
1.748	7.6
1.745	7.7
1.743	7.7
1.740	7.6
1.737	7.7
1.735	7.7
1.732	7.6
1.729	7.6
1.727	7.6
1.724	7.6
1.721	7.6
1.719	7.6
1.716	7.6
1.713	7.6
1.711	7.6
1.708	7.6
1.705	7.6
1.703	7.6
1.700	7.6
1.697	7.6
1.695	7.6
1.692	7.6
1.689	7.6
1.687	7.6
1.684	7.5
1.681	7.5
1.679	7.6
1.676	7.6
1.673	7.5
1.671	7.5
1.668	7.5
1.665	7.5
1.663	7.5
1.660	7.5
1.657	7.5
1.655	7.4
1.652	7.4
1.649	7.5
1.647	7.5
1.644	7.4
1.641	7.4
1.639	7.4
1.636	7.4
1.633	7.4
1.631	7.4
1.628	7.4
1.625	7.4
1.623	7.4
1.620	7.4
1.617	7.4
1.615	7.3
1.612	7.3
1.609	7.3
1.607	7.3
1.604	7.3
1.601	7.3
1.599	7.3
1.596	7.3
1.593	7.3
1.591	7.3
1.588	7.3
1.585	7.3
1.582	7.3
1.580	7.3
1.577	7.3
1.574	7.3
1.572	7.3
1.569	7.3
1.566	7.3
1.564	7.3
1.561	7.3
1.558	7.3
1.556	7.3
1.553	7.3
1.550	7.3
1.548	7.3
1.545	7.3
1.542	7.3
1.540	7.2
1.537	7.3
1.534	7.2
1.532	7.2
1.529	7.2
1.526	7.2
1.524	7.2
1.521	7.2
1.518	7.2
1.516	7.2
1.513	7.2
1.510	7.2
1.508	7.2
1.505	7.2
1.502	7.1
1.500	7.2
1.497	7.2
1.494	7.2
1.492	7.1
1.489	7.1
1.486	7.1
1.484	7.1
1.481	7.1
1.478	7.1
1.476	7.1
1.473	7.1
1.470	7.1
1.468	7.1
1.465	7.0
1.462	7.0
1.460	7.0
1.457	7.1
1.454	7.0
1.452	7.0
1.449	7.0
1.446	7.0
1.444	7.0
1.441	7.0
1.438	7.0
1.436	7.0
1.433	7.0
1.430	7.0
1.428	7.0
1.425	7.0
1.422	7.0
1.419	7.0
1.417	7.0
1.414	7.0
1.411	7.0
1.409	6.9
1.406	6.9
1.403	6.9
1.401	6.9
1.398	6.9
1.395	6.9
1.393	6.9
1.390	6.8
1.387	6.9
1.385	6.9
1.382	6.9
1.379	6.9
1.377	6.9
1.374	6.9
1.371	6.9
1.369	6.7
1.366	6.7
1.363	6.7
1.361	6.7
1.358	6.7
1.355	6.7
1.353	6.6
1.350	6.6
1.347	6.6
1.345	6.6
1.342	6.6
1.339	6.6
1.337	6.6
1.334	6.6
1.331	6.6
1.329	6.6
1.326	6.6
1.323	6.6
1.321	6.6
1.318	6.6
1.315	6.6
1.313	6.6
1.310	6.6
1.307	6.6
1.305	6.5
1.302	6.5
1.299	6.5
1.297	6.5
1.294	6.5
1.291	6.5
1.289	6.5
1.286	6.5
1.283	6.5
1.281	6.5
1.278	6.5
1.275	6.5
1.273	6.5
1.270	6.5
1.267	6.5
1.265	6.5
1.262	6.5
1.259	6.5
1.256	6.5
1.254	6.5
1.251	6.5
1.248	6.5
1.246	6.5
1.243	6.5
1.240	6.5
1.238	6.5
1.235	6.5
1.232	6.5
1.230	6.4
1.227	6.4
1.224	6.4
1.222	6.4
1.219	6.4
1.216	6.4
1.214	6.4
1.211	6.4
1.208	6.4
1.206	6.4
1.203	6.4
1.200	6.4
1.198	6.4
1.195	6.4
1.192	6.4
1.190	6.4
1.187	6.4
1.184	6.4
1.182	6.4
1.179	6.4
1.176	6.4
1.174	6.4
1.171	6.3
1.168	6.3
1.166	6.3
1.163	6.3
1.160	6.3
1.158	6.3
1.155	6.3
1.152	6.3
1.150	6.3
1.147	6.3
1.144	6.3
1.142	6.3
1.139	6.3
1.136	6.3
1.134	6.2
1.131	6.2
1.128	6.2
1.126	6.3
1.123	6.2
1.120	6.2
1.118	6.2
1.115	6.2
1.112	6.2
1.109	6.2
1.107	6.2
1.104	6.2
1.101	6.2
1.099	6.2
1.096	6.2
1.093	6.2
1.091	6.2
1.088	6.2
1.085	6.2
1.083	6.1
1.080	6.1
1.077	6.1
1.075	6.1
1.072	6.1
1.069	6.1
1.067	6.1
1.064	6.1
1.061	6.1
1.059	6.1
1.056	6.1
1.053	6.1
1.051	6.2
1.048	6.1
1.045	6.1
1.043	6.1
1.040	6.1
1.037	6.1
1.035	6.1
1.032	6.1
1.029	6.1
1.027	6.1
1.024	6.1
1.021	6.1
1.019	6.1
1.016	6.1
1.013	6.1
1.011	6.1
1.008	6.1
1.005	6.1
1.003	6.1
1.000	6.1
0.997	6.1
0.995	6.1
0.992	6.1
0.989	6.1
0.987	6.1
0.984	6.1
0.981	6.1
0.979	6.1
0.976	6.1
0.973	6.1
0.970	6.1
0.968	6.1
0.965	6.1
0.962	6.1
0.960	6.1
0.957	6.1
0.954	6.1
0.952	6.1
0.949	6.1
0.946	6.1
0.944	6.1
0.941	6.1
0.938	6.1
0.936	6.1
0.933	6.1
0.930	6.1
0.928	6.1
0.925	6.0
0.922	6.0
0.920	6.0
0.917	6.1
0.914	6.0
0.912	6.0
0.909	6.0
0.906	6.0
0.904	6.0
0.901	6.0
0.898	6.0
0.896	6.0
0.893	6.0
0.890	6.0
0.888	5.9
0.885	5.9
0.882	6.0
0.880	6.0
0.877	5.9
0.874	5.9
0.872	5.9
0.869	5.9
0.866	5.9
0.864	5.9
0.861	5.9
0.858	5.9
0.856	5.9
0.853	5.9
0.850	5.9
0.848	5.9
0.845	5.9
0.842	5.9
0.840	5.9
0.837	5.9
0.834	5.9
0.831	5.9
0.829	5.8
0.826	5.9
0.823	5.9
0.821	5.9
0.818	5.9
0.815	5.8
0.813	5.8
0.810	5.8
0.807	5.8
0.805	5.9
0.802	5.9
0.799	5.9
0.797	5.9
0.794	5.9
0.791	5.8
0.789	5.8
0.786	5.9
0.783	5.9
0.781	5.8
0.778	5.8
0.775	5.8
0.773	5.8
0.770	5.8
0.767	5.8
0.765	5.8
0.762	5.8
0.759	5.8
0.757	5.8
0.754	5.8
0.751	5.7
0.749	5.8
0.746	5.8
0.743	5.8
0.741	5.8
0.738	5.8
0.735	5.8
0.733	5.8
0.730	5.8
0.727	5.8
0.725	5.8
0.722	5.8
0.719	5.8
0.717	5.7
0.714	5.7
0.711	5.7
0.709	5.8
0.706	5.7
0.703	5.7
0.701	5.7
0.698	5.7
0.695	5.7
0.692	5.7
0.690	5.7
0.687	5.7
0.684	5.7
0.682	5.7
0.679	5.6
0.676	5.6
0.674	5.7
0.671	5.7
0.668	5.7
0.666	5.7
0.663	5.7
0.660	5.7
0.658	5.7
0.655	5.7
0.652	5.7
0.650	5.7
0.647	5.7
0.644	5.7
0.642	5.7
0.639	5.7
0.636	5.7
0.634	5.7
0.631	5.7
0.628	5.6
0.626	5.6
0.623	5.7
0.620	5.6
0.618	5.7
0.615	5.7
0.612	5.7
0.610	5.7
0.607	5.7
0.604	5.7
0.602	5.6
0.599	5.6
0.596	5.7
0.594	5.7
0.591	5.7
0.588	5.7
0.586	5.7
0.583	5.6
0.580	5.6
0.578	5.6
0.575	5.7
0.572	5.6
0.570	5.6
0.567	5.6
0.564	5.6
0.561	5.6
0.559	5.6
0.556	5.6
0.553	5.7
0.551	5.6
0.548	5.6
0.545	5.6
0.543	5.6
0.540	5.6
0.537	5.6
0.535	5.6
0.532	5.6
0.529	5.6
0.527	5.6
0.524	5.6
0.521	5.6
0.519	5.6
0.516	5.6
0.513	5.5
0.511	5.5
0.508	5.5
0.505	5.5
0.503	5.5
0.500	5.6
0.497	5.6
0.495	5.5
0.492	5.5
0.489	5.5
0.487	5.5
0.484	5.5
0.481	5.5
0.479	5.5
0.476	5.5
0.473	5.6
0.471	5.5
0.468	5.5
0.465	5.5
0.463	5.6
0.460	5.5
0.457	5.5
0.455	5.5
0.452	5.5
0.449	5.5
0.447	5.5
0.444	5.5
0.441	5.5
0.438	5.5
0.436	5.5
0.433	5.5
0.430	5.5
0.428	5.5
0.425	5.5
0.422	5.5
0.420	5.5
0.417	5.5
0.414	5.5
0.412	5.4
0.409	5.4
0.406	5.5
0.404	5.5
0.401	5.5
0.398	5.4
0.396	5.4
0.393	5.4
0.390	5.5
0.388	5.5
0.385	5.5
0.382	5.5
0.380	5.5
0.377	5.4
0.374	5.4
0.372	5.4
0.369	5.4
0.366	5.4
0.364	5.4
0.361	5.4
0.358	5.3
0.356	5.3
0.353	5.4
0.350	5.4
0.348	5.4
0.345	5.4
0.342	5.4
0.340	5.4
0.337	5.4
0.334	5.4
0.332	5.4
0.329	5.4
0.326	5.4
0.324	5.4
0.321	5.4
0.318	5.4
0.316	5.4
0.313	5.4
0.310	5.4
0.307	5.4
0.305	5.3
0.302	5.3
0.299	5.3
0.297	5.3
0.294	5.4
0.291	5.4
0.289	5.4
0.286	5.3
0.283	5.3
0.281	5.3
0.278	5.3
0.275	5.3
0.273	5.4
0.270	5.3
0.267	5.3
0.265	5.4
0.262	5.4
0.259	5.4
0.257	5.3
0.254	5.3
0.251	5.3
0.249	5.3
0.246	5.3
0.243	5.3
0.241	5.3
0.238	5.3
0.235	5.3
0.233	5.3
0.230	5.3
0.227	5.3
0.225	5.3
0.222	5.3
0.219	5.3
0.217	5.3
0.214	5.3
0.211	5.3
0.209	5.3
0.206	5.3
0.203	5.3
0.201	5.3
0.198	5.3
0.195	5.3
0.193	5.3
0.190	5.3
0.187	5.3
0.184	5.3
0.182	5.3
0.179	5.3
0.176	5.3
0.174	5.3
0.171	5.3
0.168	5.3
0.166	5.3
0.163	5.3
0.160	5.3
0.158	5.3
0.155	5.3
0.152	5.3
0.150	5.3
0.147	5.3
0.144	5.3
0.142	5.3
0.139	5.3
0.136	5.3
0.134	5.3
0.131	5.3
0.128	5.3
0.126	5.3
0.123	5.3
0.120	5.3
0.118	5.3
0.115	5.3
0.112	5.3
0.110	5.3
0.107	5.3
0.104	5.3
0.102	5.3
0.099	5.4
0.096	5.8
0.094	6.5
0.091	6.5
0.088	6.1
0.086	5.9
0.083	6.2
0.080	7.7
0.078	11.3
0.075	15.3
0.072	14.1
0.070	10.2
0.067	7.8
0.064	6.6
0.061	5.9
0.059	5.6
0.056	5.4
0.053	5.4
0.051	5.4
0.048	5.3
0.045	5.3
0.043	5.3
0.040	5.3
0.037	5.3
0.035	5.3
0.032	5.3
0.029	5.3
0.027	5.3
0.024	5.3
0.021	5.2
0.019	5.2
0.016	5.3
0.013	5.3
0.011	5.2
0.008	5.2
0.005	5.2
0.003	5.2
0.000	5.2
-0.003	5.2
-0.005	5.2
-0.008	5.2
-0.011	5.2
-0.013	5.2
-0.016	5.2
-0.019	5.2
-0.021	5.2
-0.024	5.2
-0.027	5.2
-0.029	5.2
-0.032	5.2
-0.035	5.1
-0.037	5.1
-0.040	5.1
-0.043	5.1
-0.045	5.2
-0.048	5.1
-0.051	5.1
-0.053	5.1
-0.056	5.1
-0.059	5.1
-0.061	5.1
-0.064	5.1
-0.067	5.1
-0.070	5.1
-0.072	5.1
-0.075	5.1
-0.078	5.1
-0.080	5.1
-0.083	5.1
-0.086	5.1
-0.088	5.1
-0.091	5.1
-0.094	5.1
-0.096	5.1
-0.099	5.1
-0.102	5.1
-0.104	5.1
-0.107	5.1
-0.110	5.1
-0.112	5.1
-0.115	5.1
-0.118	5.1
-0.120	5.1
-0.123	5.1
-0.126	5.1
-0.128	5.1
-0.131	5.1
-0.134	5.1
-0.136	5.1
-0.139	5.0
-0.142	5.0
-0.144	5.0
-0.147	5.0
-0.150	5.0
-0.152	5.1
-0.155	5.0
-0.158	5.0
-0.160	5.0
-0.163	5.0
-0.166	5.0
-0.168	5.0
-0.171	5.0
-0.174	5.0
-0.176	5.0
-0.179	5.0
-0.182	5.0
-0.184	5.0
-0.187	5.0
-0.190	5.0
-0.193	5.0
-0.195	5.0
-0.198	4.9
-0.201	4.9
-0.203	4.9
-0.206	4.9
-0.209	4.9
-0.211	4.9
-0.214	4.9
-0.217	4.9
-0.219	4.9
-0.222	4.9
-0.225	4.9
-0.227	4.9
-0.230	4.9
-0.233	4.9
-0.235	4.9
-0.238	4.9
-0.241	4.9
-0.243	4.9
-0.246	4.9
-0.249	4.9
-0.251	4.9
-0.254	4.9
-0.257	4.9
-0.259	4.9
-0.262	4.9
-0.265	4.9
-0.267	4.9
-0.270	4.9
-0.273	4.9
-0.275	4.9
-0.278	4.9
-0.281	4.9
-0.283	4.9
-0.286	4.9
-0.289	4.9
-0.291	4.9
-0.294	4.9
-0.297	4.9
-0.299	4.9
-0.302	4.9
-0.305	4.9
-0.307	4.9
-0.310	4.9
-0.313	4.9
-0.316	4.9
-0.318	4.9
-0.321	4.9
-0.324	4.9
-0.326	4.9
-0.329	4.9
-0.332	4.9
-0.334	4.9
-0.337	4.9
-0.340	4.9
-0.342	4.9
-0.345	4.9
-0.348	4.9
-0.350	4.9
-0.353	4.9
-0.356	4.9
-0.358	4.9
-0.361	4.8
-0.364	4.9
-0.366	4.9
-0.369	4.8
-0.372	4.9
-0.374	4.9
-0.377	4.8
-0.380	4.8
-0.382	4.8
-0.385	4.8
-0.388	4.8
-0.390	4.8
-0.393	4.8
-0.396	4.8
-0.398	4.8
-0.401	4.8
-0.404	4.8
-0.406	4.8
-0.409	4.8
-0.412	4.8
-0.414	4.8
-0.417	4.8
-0.420	4.8
-0.422	4.8
-0.425	4.9
-0.428	4.9
-0.430	4.9
-0.433	4.8
-0.436	4.8
-0.438	4.9
-0.441	4.9
-0.444	4.9
-0.447	4.9
-0.449	4.8
-0.452	4.8
-0.455	4.8
-0.457	4.9
-0.460	4.9
-0.463	4.9
-0.465	4.9
-0.468	4.9
-0.471	4.9
-0.473	4.9
-0.476	4.9
-0.479	4.9
-0.481	4.9
-0.484	4.9
-0.487	4.9
-0.489	4.9
-0.492	4.9
-0.495	4.9
-0.497	4.8
-0.500	4.8
-0.503	4.8
-0.505	4.8
-0.508	4.8
-0.511	4.8
-0.513	4.8
-0.516	4.8
-0.519	4.8
-0.521	4.8
-0.524	4.8
-0.527	4.8
-0.529	4.8
-0.532	4.8
-0.535	4.8
-0.537	4.8
-0.540	4.8
-0.543	4.8
-0.545	4.8
-0.548	4.8
-0.551	4.8
-0.553	4.8
-0.556	4.8
-0.559	4.8
-0.561	4.8
-0.564	4.8
-0.567	4.8
-0.570	4.8
-0.572	4.8
-0.575	4.8
-0.578	4.8
-0.580	4.8
-0.583	4.8
-0.586	4.8
-0.588	4.8
-0.591	4.8
-0.594	4.8
-0.596	4.8
-0.599	4.7
-0.602	4.7
-0.604	4.8
-0.607	4.8
-0.610	4.8
-0.612	4.8
-0.615	4.8
-0.618	4.8
-0.620	4.7
-0.623	4.7
-0.626	4.7
-0.628	4.8
-0.631	4.7
-0.634	4.7
-0.636	4.7
-0.639	4.7
-0.642	4.8
-0.644	4.8
-0.647	4.8
-0.650	4.8
-0.652	4.8
-0.655	4.7
-0.658	4.8
-0.660	4.8
-0.663	4.8
-0.666	4.8
-0.668	4.8
-0.671	4.8
-0.674	4.7
-0.676	4.8
-0.679	4.7
-0.682	4.7
-0.684	4.7
-0.687	4.8
-0.690	4.7
-0.692	4.7
-0.695	4.7
-0.698	4.7
-0.701	4.7
-0.703	4.7
-0.706	4.7
-0.709	4.8
-0.711	4.7
-0.714	4.7
-0.717	4.7
-0.719	4.8
-0.722	4.8
-0.725	4.8
-0.727	4.8
-0.730	4.8
-0.733	4.7
-0.735	4.8
-0.738	4.8
-0.741	4.8
-0.743	4.7
-0.746	4.7
-0.749	4.7
-0.751	4.7
-0.754	4.7
-0.757	4.7
-0.759	4.7
-0.762	4.7
-0.765	4.7
-0.767	4.7
-0.770	4.7
-0.773	4.7
-0.775	4.7
-0.778	4.7
-0.781	4.7
-0.783	4.7
-0.786	4.7
-0.789	4.7
-0.791	4.7
-0.794	4.7
-0.797	4.7
-0.799	4.7
-0.802	4.7
-0.805	4.7
-0.807	4.7
-0.810	4.7
-0.813	4.7
-0.815	4.7
-0.818	4.7
-0.821	4.7
-0.823	4.7
-0.826	4.7
-0.829	4.7
-0.831	4.7
-0.834	4.7
-0.837	4.7
-0.840	4.7
-0.842	4.7
-0.845	4.7
-0.848	4.7
-0.850	4.7
-0.853	4.7
-0.856	4.7
-0.858	4.7
-0.861	4.7
-0.864	4.7
-0.866	4.7
-0.869	4.7
-0.872	4.7
-0.874	4.7
-0.877	4.7
-0.880	4.7
-0.882	4.7
-0.885	4.7
-0.888	4.7
-0.890	4.7
-0.893	4.7
-0.896	4.7
-0.898	4.7
-0.901	4.7
-0.904	4.7
-0.906	4.7
-0.909	4.7
-0.912	4.7
-0.914	4.7
-0.917	4.7
-0.920	4.7
-0.922	4.7
-0.925	4.7
-0.928	4.7
-0.930	4.7
-0.933	4.7
-0.936	4.7
-0.938	4.7
-0.941	4.7
-0.944	4.7
-0.946	4.7
-0.949	4.7
-0.952	4.7
-0.954	4.7
-0.957	4.7
-0.960	4.7
-0.962	4.7
-0.965	4.7
-0.968	4.7
-0.970	4.7
-0.973	4.7
-0.976	4.7
-0.979	4.7
-0.981	4.7
-0.984	4.7
-0.987	4.7
-0.989	4.7
-0.992	4.7
-0.995	4.7
-0.997	4.7
-1.000	4.7
-1.003	4.7
-1.005	4.7
-1.008	4.7
-1.011	4.7
-1.013	4.7
-1.016	4.7
-1.019	4.7
-1.021	4.7
-1.024	4.7
-1.027	4.7
-1.029	4.7
-1.032	4.7
-1.035	4.7
-1.037	4.7
-1.040	4.7
-1.043	4.7
-1.045	4.7
-1.048	4.7
-1.051	4.7
-1.053	4.7
-1.056	4.7
-1.059	4.7
-1.061	4.7
-1.064	4.7
-1.067	4.7
-1.069	4.7
-1.072	4.7
-1.075	4.7
-1.077	4.7
-1.080	4.7
-1.083	4.6
-1.085	4.6
-1.088	4.7
-1.091	4.7
-1.093	4.7
-1.096	4.6
-1.099	4.6
-1.101	4.7
-1.104	4.7
-1.107	4.7
-1.109	4.7
-1.112	4.7
-1.115	4.7
-1.118	4.7
-1.120	4.7
-1.123	4.7
-1.126	4.7
-1.128	4.7
-1.131	4.7
-1.134	4.7
-1.136	4.7
-1.139	4.7
-1.142	4.7
-1.144	4.7
-1.147	4.7
-1.150	4.7
-1.152	4.7
-1.155	4.7
-1.158	4.7
-1.160	4.7
-1.163	4.7
-1.166	4.7
-1.168	4.6
-1.171	4.6
-1.174	4.7
-1.176	4.7
-1.179	4.7
-1.182	4.6
-1.184	4.6
-1.187	4.7
-1.190	4.7
-1.192	4.6
-1.195	4.7
-1.198	4.7
-1.200	4.6
-1.203	4.6
-1.206	4.6
-1.208	4.7
-1.211	4.7
-1.214	4.7
-1.216	4.7
-1.219	4.7
-1.222	4.7
-1.224	4.7
-1.227	4.6
-1.230	4.6
-1.232	4.7
-1.235	4.7
-1.238	4.7
-1.240	4.7
-1.243	4.7
-1.246	4.7
-1.248	4.7
-1.251	4.7
-1.254	4.7
-1.256	4.7
-1.259	4.7
-1.262	4.7
-1.265	4.7
-1.267	4.7
-1.270	4.7
-1.273	4.7
-1.275	4.7
-1.278	4.7
-1.281	4.7
-1.283	4.7
-1.286	4.7
-1.289	4.6
-1.291	4.6
-1.294	4.6
-1.297	4.6
-1.299	4.6
-1.302	4.6
-1.305	4.6
-1.307	4.7
-1.310	4.6
-1.313	4.6
-1.315	4.6
-1.318	4.6
-1.321	4.6
-1.323	4.6
-1.326	4.6
-1.329	4.6
-1.331	4.6
-1.334	4.6
-1.337	4.6
-1.339	4.6
-1.342	4.6
-1.345	4.6
-1.347	4.6
-1.350	4.6
-1.353	4.6
-1.355	4.6
-1.358	4.6
-1.361	4.6
-1.363	4.6
-1.366	4.6
-1.369	4.7
-1.371	4.7
-1.374	4.7
-1.377	4.7
-1.379	4.7
-1.382	4.7
-1.385	4.7
-1.387	4.6
-1.390	4.6
-1.393	4.6
-1.395	4.6
-1.398	4.6
-1.401	4.6
-1.403	4.6
-1.406	4.6
-1.409	4.6
-1.411	4.6
-1.414	4.6
-1.417	4.6
-1.419	4.6
-1.422	4.6
-1.425	4.6
-1.428	4.6
-1.430	4.6
-1.433	4.6
-1.436	4.6
-1.438	4.6
-1.441	4.6
-1.444	4.5
-1.446	4.6
-1.449	4.6
-1.452	4.6
-1.454	4.6
-1.457	4.5
-1.460	4.6
-1.462	4.6
-1.465	4.6
-1.468	4.6
-1.470	4.6
-1.473	4.6
-1.476	4.6
-1.478	4.6
-1.481	4.6
-1.484	4.5
-1.486	4.5
-1.489	4.5
-1.492	4.5
-1.494	4.5
-1.497	4.5
-1.500	4.5
-1.502	4.5
-1.505	4.5
-1.508	4.5
-1.510	4.5
-1.513	4.5
-1.516	4.6
-1.518	4.5
-1.521	4.5
-1.524	4.5
-1.526	4.5
-1.529	4.5
-1.532	4.5
-1.534	4.5
-1.537	4.5
-1.540	4.5
-1.542	4.5
-1.545	4.5
-1.548	4.5
-1.550	4.5
-1.553	4.5
-1.556	4.5
-1.558	4.5
-1.561	4.5
-1.564	4.5
-1.566	4.5
-1.569	4.5
-1.572	4.5
-1.574	4.5
-1.577	4.5
-1.580	4.5
-1.582	4.5
-1.585	4.5
-1.588	4.5
-1.591	4.5
-1.593	4.5
-1.596	4.5
-1.599	4.5
-1.601	4.5
-1.604	4.5
-1.607	4.5
-1.609	4.5
-1.612	4.5
-1.615	4.5
-1.617	4.5
-1.620	4.5
-1.623	4.5
-1.625	4.5
-1.628	4.5
-1.631	4.5
-1.633	4.5
-1.636	4.5
-1.639	4.5
-1.641	4.5
-1.644	4.5
-1.647	4.5
-1.649	4.5
-1.652	4.5
-1.655	4.5
-1.657	4.5
-1.660	4.5
-1.663	4.5
-1.665	4.5
-1.668	4.5
-1.671	4.5
-1.673	4.5
-1.676	4.5
-1.679	4.5
-1.681	4.5
-1.684	4.5
-1.687	4.5
-1.689	4.5
-1.692	4.5
-1.695	4.5
-1.697	4.5
-1.700	4.5
-1.703	4.5
-1.705	4.5
-1.708	4.5
-1.711	4.5
-1.713	4.5
-1.716	4.5
-1.719	4.5
-1.721	4.5
-1.724	4.5
-1.727	4.5
-1.729	4.5
-1.732	4.5
-1.735	4.5
-1.737	4.5
-1.740	4.5
-1.743	4.5
-1.745	4.5
-1.748	4.5
-1.751	4.5
-1.753	4.5
-1.756	4.5
-1.759	4.5
-1.761	4.5
-1.764	4.5
-1.767	4.5
-1.769	4.5
-1.772	4.5
-1.775	4.5
-1.778	4.5
-1.780	4.5
-1.783	4.5
-1.786	4.5
-1.788	4.5
-1.791	4.5
-1.794	4.5
-1.796	4.5
-1.799	4.5
-1.802	4.5
-1.804	4.5
-1.807	4.5
-1.810	4.5
-1.812	4.5
-1.815	4.5
-1.818	4.5
-1.820	4.5
-1.823	4.5
-1.826	4.5
-1.828	4.5
-1.831	4.5
-1.834	4.5
-1.836	4.5
-1.839	4.5
-1.842	4.5
-1.844	4.5
-1.847	4.5
-1.850	4.5
-1.852	4.5
-1.855	4.5
-1.858	4.5
-1.860	4.5
-1.863	4.5
-1.866	4.5
-1.868	4.5
-1.871	4.5
-1.874	4.5
-1.876	4.5
-1.879	4.5
-1.882	4.4
-1.884	4.4
-1.887	4.5
-1.890	4.5
-1.892	4.5
-1.895	4.5
-1.898	4.5
-1.900	4.5
-1.903	4.5
-1.906	4.5
-1.908	4.5
-1.911	4.5
-1.914	4.5
-1.916	4.5
-1.919	4.4
-1.922	4.5
-1.924	4.4
-1.927	4.4
-1.930	4.5
-1.932	4.5
-1.935	4.4
-1.938	4.4
-1.940	4.4
-1.943	4.4
-1.946	4.4
-1.948	4.4
-1.951	4.4
-1.954	4.4
-1.956	4.4
-1.959	4.4
-1.962	4.4
-1.964	4.4
-1.967	4.4
-1.970	4.5
-1.972	4.4
-1.975	4.4
-1.978	4.4
-1.980	4.4
-1.983	4.5
-1.986	4.5
-1.989	4.4
-1.991	4.4
-1.994	4.4
-1.997	4.4
-1.999	4.5
-2.002	4.5
-2.005	4.5
-2.007	4.5
-2.010	4.4
-2.013	4.4
-2.015	4.4
-2.018	4.4
-2.021	4.4
-2.023	4.5
-2.026	4.4
-2.029	4.4
-2.031	4.4
-2.034	4.4
-2.037	4.5
-2.039	4.5
-2.042	4.5
-2.045	4.4
-2.047	4.4
-2.050	4.4
-2.053	4.4
-2.055	4.4
-2.058	4.4
-2.061	4.4
-2.063	4.4
-2.066	4.4
-2.069	4.4
-2.071	4.4
-2.074	4.5
-2.077	4.5
-2.079	4.5
-2.082	4.5
-2.085	4.5
-2.087	4.5
-2.090	4.4
-2.093	4.4
-2.095	4.4
-2.098	4.5
-2.101	4.5
-2.103	4.5
-2.106	4.5
-2.109	4.5
-2.111	4.5
-2.114	4.5
-2.117	4.4
-2.119	4.5
-2.122	4.5
-2.125	4.5
-2.127	4.4
-2.130	4.4
-2.133	4.4
-2.135	4.4
-2.138	4.4
-2.141	4.4
-2.143	4.4
-2.146	4.4
-2.149	4.4
-2.151	4.4
-2.154	4.4
-2.157	4.5
-2.159	4.4
-2.162	4.5
-2.165	4.5
-2.167	4.4
-2.170	4.4
-2.173	4.5
-2.175	4.4
-2.178	4.4
-2.181	4.4
-2.183	4.5
-2.186	4.4
-2.189	4.4
-2.191	4.5
-2.194	4.5
-2.197	4.4
-2.199	4.4
-2.202	4.5
-2.205	4.4
-2.207	4.4
-2.210	4.4
-2.213	4.5
-2.215	4.5
-2.218	4.4
-2.221	4.4
-2.223	4.4
-2.226	4.4
-2.229	4.4
-2.231	4.4
-2.234	4.4
-2.237	4.4
-2.240	4.4
-2.242	4.4
-2.245	4.4
-2.248	4.4
-2.250	4.4
-2.253	4.4
-2.256	4.4
-2.258	4.4
-2.261	4.3
-2.264	4.3
-2.266	4.4
-2.269	4.4
-2.272	4.4
-2.274	4.4
-2.277	4.4
-2.280	4.4
-2.282	4.4
-2.285	4.4
-2.288	4.4
-2.290	4.4
-2.293	4.4
-2.296	4.4
-2.298	4.4
-2.301	4.4
-2.304	4.3
-2.306	4.4
-2.309	4.4
-2.312	4.4
-2.314	4.4
-2.317	4.4
-2.320	4.4
-2.322	4.4
-2.325	4.4
-2.328	4.4
-2.330	4.4
-2.333	4.4
-2.336	4.3
-2.338	4.3
-2.341	4.3
-2.344	4.4
-2.346	4.4
-2.349	4.4
-2.352	4.4
-2.354	4.4
-2.357	4.3
-2.360	4.4
-2.362	4.4
-2.365	4.4
-2.368	4.4
-2.370	4.4
-2.373	4.3
-2.376	4.3
-2.378	4.3
-2.381	4.3
-2.384	4.3
-2.386	4.3
-2.389	4.3
-2.392	4.3
-2.394	4.3
-2.397	4.3
-2.400	4.3
-2.402	4.4
-2.405	4.4
-2.408	4.4
-2.410	4.4
-2.413	4.3
-2.416	4.3
-2.418	4.4
-2.421	4.4
-2.424	4.4
-2.426	4.4
-2.429	4.4
-2.432	4.3
-2.434	4.3
-2.437	4.3
-2.440	4.4
-2.442	4.4
-2.445	4.4
-2.448	4.3
-2.450	4.3
-2.453	4.3
-2.456	4.4
-2.458	4.3
-2.461	4.3
-2.464	4.3
-2.466	4.3
-2.469	4.3
-2.472	4.3
-2.474	4.3
-2.477	4.4
-2.480	4.3
-2.482	4.3
-2.485	4.3
-2.488	4.3
-2.490	4.3
-2.493	4.3
-2.496	4.3
-2.498	4.3
-2.501	4.3
-2.504	4.3
-2.506	4.3
-2.509	4.3
-2.512	4.3
-2.514	4.3
-2.517	4.3
-2.520	4.3
-2.522	4.3
-2.525	4.3
-2.528	4.3
-2.530	4.3
-2.533	4.3
-2.536	4.3
-2.538	4.3
-2.541	4.3
-2.544	4.2
-2.546	4.2
-2.549	4.2
-2.552	4.2
-2.554	4.2
-2.557	4.2
-2.560	4.2
-2.562	4.2
-2.565	4.2
-2.568	4.2
-2.570	4.2
-2.573	4.2
-2.576	4.2
-2.578	4.2
-2.581	4.2
-2.584	4.2
-2.586	4.2
-2.589	4.2
-2.592	4.2
-2.594	4.2
-2.597	4.2
-2.600	4.2
-2.602	4.2
-2.605	4.2
-2.608	4.2
-2.610	4.2
-2.613	4.2
-2.616	4.2
-2.619	4.2
-2.621	4.2
-2.624	4.2
-2.627	4.2
-2.629	4.2
-2.632	4.2
-2.635	4.2
-2.637	4.2
-2.640	4.2
-2.643	4.2
-2.645	4.2
-2.648	4.2
-2.651	4.2
-2.653	4.2
-2.656	4.2
-2.659	4.2
-2.661	4.2
-2.664	4.2
-2.667	4.2
-2.669	4.2
-2.672	4.2
-2.675	4.2
-2.677	4.2
-2.680	4.2
-2.683	4.2
-2.685	4.2
-2.688	4.2
-2.691	4.2
-2.693	4.2
-2.696	4.2
-2.699	4.2
-2.701	4.2
-2.704	4.2
-2.707	4.2
-2.709	4.2
-2.712	4.2
-2.715	4.2
-2.717	4.2
-2.720	4.2
-2.723	4.2
-2.725	4.2
-2.728	4.2
-2.731	4.2
-2.733	4.2
