&a 	I1
5.459	0.0
5.454	0.0
5.449	0.0
5.443	0.0
5.438	0.0
5.433	0.0
5.428	0.0
5.422	0.0
5.417	0.0
5.412	0.0
5.406	0.0
5.401	0.0
5.396	0.0
5.390	0.0
5.385	0.0
5.380	0.0
5.375	0.0
5.369	0.0
5.364	0.0
5.359	0.0
5.353	0.0
5.348	0.0
5.343	0.0
5.337	0.0
5.332	0.0
5.327	0.0
5.322	0.0
5.316	0.0
5.311	0.0
5.306	0.0
5.300	0.0
5.295	0.0
5.290	0.0
5.284	0.0
5.279	0.0
5.274	0.0
5.269	0.0
5.263	0.0
5.258	0.0
5.253	0.0
5.247	0.0
5.242	0.0
5.237	0.0
5.231	0.0
5.226	0.0
5.221	0.0
5.216	0.0
5.210	0.0
5.205	0.0
5.200	0.0
5.194	0.0
5.189	0.0
5.184	0.0
5.178	0.0
5.173	0.0
5.168	0.0
5.162	0.0
5.157	0.0
5.152	0.0
5.147	0.0
5.141	0.0
5.136	0.0
5.131	0.0
5.125	0.0
5.120	0.0
5.115	0.0
5.109	0.0
5.104	0.0
5.099	0.0
5.094	0.0
5.088	0.0
5.083	0.0
5.078	0.0
5.072	0.0
5.067	0.0
5.062	0.0
5.056	0.0
5.051	0.0
5.046	0.0
5.040	0.0
5.035	0.0
5.030	0.0
5.025	0.0
5.019	0.0
5.014	0.0
5.009	0.1
5.003	0.1
4.998	0.1
4.993	0.1
4.987	0.1
4.982	0.1
4.977	0.1
4.971	0.1
4.966	0.1
4.961	0.1
4.956	0.1
4.950	0.1
4.945	0.1
4.940	0.1
4.934	0.2
4.929	0.3
4.924	0.3
4.918	0.3
4.913	0.3
4.908	0.3
4.902	0.3
4.897	0.3
4.892	0.3
4.887	0.3
4.881	0.3
4.876	0.3
4.871	0.3
4.865	0.3
4.860	0.4
4.855	0.4
4.849	0.4
4.844	0.4
4.839	0.4
4.833	0.4
4.828	0.4
4.823	0.4
4.818	0.4
4.812	0.4
4.807	0.4
4.802	0.4
4.796	0.4
4.791	0.4
4.786	0.4
4.780	0.4
4.775	0.4
4.770	0.5
4.764	0.7
4.759	0.7
4.754	0.7
4.748	0.6
4.743	0.6
4.738	0.6
4.733	0.6
4.727	0.6
4.722	0.6
4.717	0.6
4.711	0.6
4.706	0.7
4.701	0.8
4.695	0.8
4.690	0.9
4.685	1.0
4.679	1.1
4.674	1.1
4.669	1.1
4.663	1.1
4.658	1.1
4.653	1.1
4.648	1.1
4.642	1.1
4.637	1.1
4.632	1.1
4.626	1.1
4.621	1.2
4.616	1.3
4.610	1.5
4.605	1.6
4.600	2.0
4.594	2.4
4.589	2.4
4.584	2.5
4.578	2.5
4.573	2.3
4.568	2.0
4.563	2.0
4.557	1.6
4.552	1.6
4.547	1.5
4.541	1.5
4.536	1.5
4.531	1.6
4.525	2.0
4.520	2.4
4.515	2.8
4.509	3.6
4.504	4.0
4.499	4.1
4.493	4.1
4.488	3.9
4.483	3.5
4.478	2.8
4.472	2.4
4.467	2.0
4.462	1.8
4.456	1.8
4.451	1.8
4.446	2.1
4.440	2.4
4.435	2.8
4.430	3.4
4.424	4.6
4.419	5.9
4.414	6.7
4.408	6.7
4.403	5.9
4.398	4.7
4.392	3.6
4.387	2.8
4.382	2.4
4.377	2.0
4.371	2.0
4.366	2.0
4.361	2.4
4.355	2.8
4.350	3.2
4.345	3.6
4.339	4.7
4.334	6.3
4.329	7.9
4.323	8.7
4.318	7.9
4.313	6.4
4.307	4.9
4.302	3.8
4.297	3.3
4.291	2.8
4.286	2.7
4.281	2.7
4.275	2.8
4.270	2.9
4.265	3.3
4.260	3.7
4.254	4.8
4.249	6.0
4.244	8.0
4.238	9.9
4.233	10.6
4.228	9.4
4.222	7.6
4.217	6.0
4.212	4.8
4.206	4.0
4.201	3.6
4.196	3.2
4.190	3.2
4.185	3.2
4.180	3.6
4.174	4.0
4.169	4.4
4.164	5.6
4.158	7.4
4.153	9.1
4.148	11.0
4.143	12.0
4.137	11.2
4.132	9.6
4.127	8.0
4.121	6.8
4.116	5.6
4.111	4.8
4.105	4.4
4.100	4.0
4.095	4.0
4.089	4.0
4.084	4.4
4.079	5.2
4.073	6.4
4.068	8.0
4.063	10.0
4.057	11.6
4.052	12.8
4.047	13.2
4.041	12.8
4.036	11.6
4.031	10.4
4.025	8.8
4.020	7.6
4.015	6.4
4.009	5.3
4.004	4.8
3.999	4.7
3.994	4.8
3.988	5.2
3.983	6.0
3.978	7.6
3.972	9.5
3.967	11.5
3.962	12.7
3.956	13.2
3.951	13.5
3.946	14.0
3.940	14.2
3.935	13.4
3.930	11.8
3.924	9.8
3.919	8.1
3.914	6.8
3.908	5.9
3.903	5.5
3.898	5.5
3.892	5.9
3.887	6.8
3.882	8.3
3.876	10.3
3.871	12.3
3.866	13.6
3.860	14.0
3.855	13.7
3.850	14.1
3.844	15.6
3.839	16.3
3.834	15.2
3.829	12.9
3.823	10.5
3.818	8.5
3.813	7.1
3.807	6.3
3.802	6.0
3.797	6.0
3.791	6.6
3.786	7.9
3.781	9.7
3.775	11.7
3.770	13.6
3.765	14.4
3.759	14.4
3.754	14.4
3.749	15.0
3.743	16.5
3.738	17.7
3.733	17.3
3.727	15.1
3.722	12.4
3.717	9.7
3.711	8.0
3.706	6.8
3.701	6.4
3.695	6.4
3.690	6.8
3.685	8.0
3.679	10.0
3.674	12.4
3.669	14.8
3.663	16.0
3.658	16.0
3.653	15.7
3.647	16.3
3.642	17.1
3.637	17.9
3.632	17.9
3.626	16.7
3.621	14.1
3.616	11.3
3.610	8.9
3.605	7.3
3.600	6.5
3.594	6.4
3.589	6.5
3.584	7.2
3.578	8.6
3.573	10.8
3.568	13.6
3.562	16.0
3.557	16.8
3.552	16.8
3.546	16.8
3.541	17.6
3.536	18.3
3.530	18.4
3.525	17.6
3.520	16.0
3.514	13.9
3.509	11.6
3.504	9.6
3.498	8.0
3.493	6.8
3.488	6.4
3.482	6.7
3.477	7.5
3.472	8.7
3.466	10.7
3.461	13.5
3.456	16.3
3.450	17.9
3.445	18.0
3.440	18.0
3.434	18.4
3.429	19.3
3.424	19.8
3.418	19.1
3.413	17.2
3.408	14.9
3.402	12.5
3.397	10.4
3.392	8.5
3.386	7.2
3.381	6.4
3.376	6.1
3.370	6.4
3.365	7.2
3.360	8.4
3.354	10.3
3.349	12.8
3.344	15.8
3.338	18.2
3.333	18.9
3.328	18.9
3.322	19.4
3.317	20.2
3.312	20.2
3.306	19.4
3.301	17.4
3.296	15.0
3.291	12.4
3.285	10.3
3.280	8.3
3.275	6.8
3.269	5.8
3.264	5.3
3.259	5.3
3.253	5.9
3.248	7.1
3.243	8.8
3.237	11.2
3.232	14.0
3.227	17.2
3.221	19.4
3.216	19.9
3.211	20.1
3.205	21.0
3.200	21.9
3.195	21.8
3.189	20.2
3.184	17.6
3.179	14.8
3.173	12.1
3.168	10.0
3.163	8.4
3.157	7.2
3.152	6.3
3.147	5.9
3.141	5.9
3.136	6.3
3.131	7.0
3.125	8.4
3.120	10.4
3.115	13.2
3.109	16.8
3.104	20.0
3.099	21.6
3.093	22.0
3.088	22.3
3.083	23.2
3.077	23.6
3.072	22.9
3.067	20.5
3.061	17.3
3.056	14.2
3.051	11.6
3.045	9.5
3.040	7.9
3.035	6.8
3.029	6.0
3.024	5.6
3.019	5.6
3.013	5.9
3.008	6.4
3.003	7.5
2.997	9.2
2.992	11.8
2.987	15.3
2.981	19.1
2.976	22.3
2.971	23.6
2.965	24.0
2.960	24.2
2.955	24.9
2.949	25.0
2.944	23.2
2.939	20.2
2.933	16.8
2.928	13.6
2.923	10.8
2.917	8.8
2.912	7.3
2.907	6.4
2.901	5.7
2.896	5.3
2.891	5.3
2.885	5.5
2.880	5.9
2.875	6.6
2.869	7.9
2.864	9.9
2.859	12.8
2.853	16.4
2.848	20.7
2.843	24.0
2.837	25.3
2.832	25.6
2.827	26.3
2.821	27.0
2.816	26.6
2.811	24.4
2.805	20.8
2.800	16.8
2.795	13.5
2.789	10.6
2.784	8.6
2.779	7.1
2.773	6.1
2.768	5.4
2.763	5.1
2.757	5.1
2.752	5.2
2.747	5.5
2.741	6.0
2.736	7.0
2.731	8.2
2.725	10.2
2.720	13.2
2.715	16.6
2.709	20.6
2.704	24.0
2.699	26.4
2.693	27.2
2.688	28.3
2.683	28.8
2.677	27.7
2.672	24.9
2.667	20.9
2.661	17.2
2.656	13.8
2.651	11.0
2.645	8.9
2.640	7.3
2.635	6.4
2.629	5.6
2.624	5.2
2.619	4.9
2.613	4.9
2.608	4.9
2.602	5.2
2.597	5.6
2.592	6.4
2.586	7.2
2.581	8.8
2.576	11.2
2.570	14.8
2.565	19.6
2.560	24.6
2.554	28.3
2.549	29.8
2.544	30.2
2.538	30.9
2.533	31.2
2.528	29.7
2.522	26.1
2.517	21.6
2.512	17.2
2.506	13.5
2.501	10.5
2.496	8.5
2.490	7.1
2.485	6.2
2.480	5.5
2.474	5.1
2.469	4.8
2.464	4.6
2.458	4.6
2.453	4.8
2.448	5.0
2.442	5.4
2.437	6.0
2.432	6.9
2.426	8.4
2.421	10.6
2.416	13.8
2.410	18.2
2.405	23.7
2.400	28.5
2.394	31.5
2.389	32.6
2.384	33.2
2.378	33.6
2.373	32.5
2.368	29.3
2.362	24.7
2.357	19.9
2.352	15.6
2.346	12.4
2.341	9.8
2.336	8.0
2.330	6.8
2.325	6.0
2.320	5.5
2.314	5.1
2.309	4.7
2.304	4.6
2.298	4.6
2.293	4.7
2.288	4.8
2.282	5.2
2.277	5.6
2.272	6.0
2.266	6.8
2.261	7.6
2.256	8.8
2.250	10.8
2.245	14.4
2.240	19.7
2.234	26.1
2.229	31.3
2.223	34.4
2.218	35.5
2.213	36.0
2.207	35.7
2.202	33.5
2.197	29.4
2.191	24.1
2.186	19.0
2.181	14.8
2.175	11.7
2.170	9.3
2.165	7.7
2.159	6.7
2.154	6.0
2.149	5.6
2.143	5.2
2.138	4.9
2.133	4.8
2.127	4.7
2.122	4.8
2.117	4.8
2.111	4.8
2.106	5.1
2.101	5.5
2.095	5.8
2.090	6.4
2.085	7.2
2.079	8.4
2.074	10.1
2.069	12.8
2.063	16.4
2.058	21.3
2.053	26.9
2.047	32.4
2.042	36.2
2.037	37.9
2.031	38.7
2.026	38.6
2.021	36.9
2.015	33.2
2.010	28.0
2.005	22.5
1.999	17.8
1.994	14.1
1.989	11.2
1.983	9.2
1.978	7.9
1.972	6.9
1.967	6.1
1.962	5.6
1.956	5.2
1.951	4.8
1.946	4.4
1.940	4.4
1.935	4.4
1.930	4.4
1.924	4.5
1.919	4.8
1.914	4.8
1.908	5.2
1.903	5.5
1.898	5.9
1.892	6.3
1.887	7.1
1.882	8.0
1.876	9.2
1.871	11.2
1.866	14.0
1.860	18.0
1.855	23.0
1.850	28.6
1.844	33.8
1.839	37.7
1.834	39.7
1.828	40.5
1.823	40.1
1.818	38.1
1.812	34.4
1.807	29.3
1.802	24.0
1.796	19.2
1.791	15.2
1.786	12.4
1.780	10.3
1.775	8.8
1.769	7.6
1.764	6.8
1.759	6.2
1.753	5.6
1.748	5.3
1.743	5.0
1.737	4.8
1.732	4.6
1.727	4.5
1.721	4.4
1.716	4.4
1.711	4.4
1.705	4.4
1.700	4.4
1.695	4.8
1.689	4.9
1.684	5.2
1.679	5.5
1.673	5.9
1.668	6.4
1.663	7.1
1.657	8.0
1.652	9.2
1.647	10.9
1.641	13.5
1.636	16.8
1.631	21.0
1.625	26.1
1.620	31.7
1.615	36.9
1.609	40.6
1.604	42.7
1.599	43.4
1.593	42.9
1.588	40.8
1.582	36.9
1.577	31.8
1.572	26.4
1.566	21.5
1.561	17.2
1.556	14.0
1.550	11.6
1.545	9.8
1.540	8.6
1.534	7.6
1.529	6.8
1.524	6.4
1.518	6.0
1.513	5.6
1.508	5.2
1.502	4.9
1.497	4.7
1.492	4.5
1.486	4.4
1.481	4.4
1.476	4.4
1.470	4.4
1.465	4.4
1.460	4.4
1.454	4.4
1.449	4.4
1.444	4.5
1.438	4.8
1.433	5.0
1.428	5.3
1.422	5.6
1.417	6.0
1.411	6.4
1.406	6.8
1.401	7.6
1.395	8.4
1.390	9.6
1.385	11.2
1.379	13.2
1.374	16.0
1.369	19.6
1.363	23.1
1.358	27.5
1.353	31.8
1.347	36.6
1.342	40.6
1.337	43.9
1.331	45.7
1.326	46.3
1.321	45.2
1.315	42.4
1.310	38.0
1.305	33.0
1.299	27.8
1.294	23.4
1.289	19.4
1.283	16.2
1.278	13.6
1.273	11.6
1.267	10.2
1.262	9.0
1.256	8.2
1.251	7.4
1.246	6.8
1.240	6.4
1.235	6.0
1.230	5.6
1.224	5.4
1.219	5.2
1.214	5.1
1.208	4.9
1.203	4.8
1.198	4.7
1.192	4.6
1.187	4.5
1.182	4.4
1.176	4.4
1.171	4.4
1.166	4.4
1.160	4.4
1.155	4.4
1.150	4.4
1.144	4.4
1.139	4.4
1.134	4.8
1.128	4.8
1.123	4.8
1.118	4.9
1.112	5.0
1.107	5.4
1.101	5.6
1.096	6.0
1.091	6.4
1.085	6.8
1.080	7.2
1.075	7.9
1.069	8.7
1.064	9.5
1.059	10.4
1.053	11.7
1.048	13.3
1.043	15.2
1.037	17.6
1.032	20.7
1.027	24.7
1.021	29.0
1.016	33.6
1.011	38.0
1.005	42.4
1.000	45.8
0.995	48.5
0.989	50.1
0.984	50.9
0.979	50.4
0.973	49.1
0.968	46.6
0.962	43.1
0.957	39.1
0.952	34.4
0.946	29.9
0.941	25.6
0.936	22.0
0.930	19.2
0.925	16.9
0.920	14.9
0.914	13.1
0.909	11.4
0.904	9.8
0.898	8.4
0.893	7.6
0.888	6.8
0.882	6.4
0.877	6.4
0.872	6.4
0.866	6.4
0.861	6.4
0.856	6.4
0.850	6.1
0.845	6.0
0.840	5.8
0.834	5.6
0.829	5.6
0.823	5.3
0.818	5.2
0.813	5.2
0.807	5.1
0.802	4.9
0.797	4.8
0.791	4.8
0.786	4.8
0.781	4.7
0.775	4.6
0.770	4.5
0.765	4.5
0.759	4.4
0.754	4.4
0.749	4.4
0.743	4.4
0.738	4.4
0.733	4.4
0.727	4.4
0.722	4.4
0.717	4.4
0.711	4.4
0.706	4.5
0.701	4.7
0.695	4.7
0.690	4.8
0.684	4.8
0.679	4.8
0.674	4.8
0.668	5.0
0.663	5.1
0.658	5.2
0.652	5.2
0.647	5.4
0.642	5.6
0.636	5.6
0.631	5.8
0.626	6.0
0.620	6.1
0.615	6.4
0.610	6.5
0.604	6.8
0.599	7.2
0.594	7.2
0.588	7.6
0.583	8.0
0.578	8.2
0.572	8.6
0.567	9.0
0.561	9.6
0.556	10.0
0.551	10.8
0.545	11.6
0.540	12.4
0.535	13.2
0.529	14.4
0.524	15.5
0.519	16.7
0.513	17.9
0.508	19.4
0.503	20.9
0.497	22.2
0.492	24.0
0.487	25.7
0.481	28.1
0.476	30.5
0.471	33.3
0.465	35.8
0.460	38.1
0.455	40.3
0.449	42.6
0.444	44.3
0.438	46.0
0.433	47.2
0.428	48.5
0.422	49.6
0.417	50.8
0.412	51.5
0.406	52.0
0.401	52.3
0.396	52.3
0.390	52.2
0.385	51.9
0.380	51.3
0.374	50.6
0.369	49.7
0.364	48.6
0.358	47.3
0.353	45.8
0.348	44.5
0.342	43.1
0.337	42.0
0.332	40.5
0.326	39.1
0.321	37.6
0.316	36.0
0.310	34.4
0.305	33.0
0.299	31.4
0.294	30.1
0.289	28.7
0.283	27.5
0.278	26.2
0.273	24.9
0.267	23.7
0.262	22.8
0.257	21.9
0.251	21.1
0.246	20.3
0.241	19.6
0.235	19.0
0.230	18.4
0.225	17.6
0.219	17.2
0.214	16.8
0.209	16.2
0.203	15.8
0.198	15.3
0.193	14.9
0.187	14.7
0.182	14.3
0.176	14.0
0.171	13.6
0.166	13.4
0.160	13.1
0.155	12.8
0.150	12.7
0.144	12.5
0.139	12.4
0.134	12.2
0.128	12.0
0.123	11.9
0.118	11.7
0.112	11.6
0.107	11.6
0.102	11.6
0.096	11.3
0.091	11.2
0.086	10.9
0.080	10.8
0.075	10.8
0.070	10.8
0.064	10.8
0.059	10.8
0.053	10.8
0.048	10.8
0.043	10.8
0.037	10.8
0.032	10.8
0.027	10.7
0.021	10.7
0.016	10.7
0.011	10.7
0.005	10.7
0.000	10.8
-0.005	10.8
-0.011	10.8
-0.016	10.8
-0.021	10.8
-0.027	10.8
-0.032	10.9
-0.037	11.1
-0.043	11.2
-0.048	11.2
-0.053	11.2
-0.059	11.4
-0.064	11.6
-0.070	11.7
-0.075	11.8
-0.080	12.0
-0.086	12.0
-0.091	12.3
-0.096	12.4
-0.102	12.4
-0.107	12.5
-0.112	12.7
-0.118	12.6
-0.123	13.0
-0.128	13.2
-0.134	13.7
-0.139	14.1
-0.144	14.5
-0.150	14.9
-0.155	15.3
-0.160	15.6
-0.166	16.0
-0.171	16.4
-0.176	16.8
-0.182	17.2
-0.187	18.0
-0.193	18.4
-0.198	19.1
-0.203	19.6
-0.209	20.4
-0.214	21.2
-0.219	22.1
-0.225	23.1
-0.230	24.1
-0.235	25.1
-0.241	26.1
-0.246	27.2
-0.251	28.4
-0.257	29.6
-0.262	30.9
-0.267	32.0
-0.273	33.3
-0.278	34.3
-0.283	35.4
-0.289	37.1
-0.294	39.1
-0.299	40.8
-0.305	42.3
-0.310	43.8
-0.316	45.2
-0.321	46.6
-0.326	47.8
-0.332	48.9
-0.337	50.0
-0.342	50.8
-0.348	51.5
-0.353	51.8
-0.358	51.9
-0.364	51.9
-0.369	51.8
-0.374	51.8
-0.380	51.4
-0.385	50.9
-0.390	50.0
-0.396	48.8
-0.401	47.6
-0.406	46.2
-0.412	44.4
-0.417	42.4
-0.422	40.4
-0.428	38.1
-0.433	36.0
-0.438	33.6
-0.444	31.2
-0.449	28.8
-0.455	26.7
-0.460	24.5
-0.465	22.4
-0.471	20.4
-0.476	18.8
-0.481	17.3
-0.487	15.7
-0.492	14.2
-0.497	13.0
-0.503	12.2
-0.508	11.4
-0.513	10.9
-0.519	10.5
-0.524	10.0
-0.529	9.6
-0.535	9.0
-0.540	8.4
-0.545	8.0
-0.551	7.6
-0.556	7.2
-0.561	6.8
-0.567	6.6
-0.572	6.4
-0.578	6.1
-0.583	6.0
-0.588	5.9
-0.594	5.8
-0.599	5.6
-0.604	5.6
-0.610	5.2
-0.615	5.2
-0.620	5.0
-0.626	4.9
-0.631	4.8
-0.636	4.8
-0.642	4.7
-0.647	4.7
-0.652	4.5
-0.658	4.4
-0.663	4.4
-0.668	4.4
-0.674	4.4
-0.679	4.4
-0.684	4.4
-0.690	4.4
-0.695	4.4
-0.701	4.4
-0.706	4.4
-0.711	4.4
-0.717	4.4
-0.722	4.4
-0.727	4.4
-0.733	4.4
-0.738	4.4
-0.743	4.4
-0.749	4.4
-0.754	4.4
-0.759	4.4
-0.765	4.4
-0.770	4.4
-0.775	4.5
-0.781	4.5
-0.786	4.7
-0.791	4.8
-0.797	4.8
-0.802	4.8
-0.807	5.0
-0.813	5.2
-0.818	5.6
-0.823	6.0
-0.829	6.4
-0.834	6.5
-0.840	6.9
-0.845	7.2
-0.850	7.6
-0.856	8.4
-0.861	9.0
-0.866	9.8
-0.872	10.6
-0.877	11.7
-0.882	13.0
-0.888	14.7
-0.893	16.7
-0.898	19.1
-0.904	22.0
-0.909	25.2
-0.914	28.9
-0.920	32.6
-0.925	36.7
-0.930	39.6
-0.936	42.5
-0.941	43.8
-0.946	44.9
-0.952	45.7
-0.957	45.7
-0.962	44.8
-0.968	42.5
-0.973	39.3
-0.979	35.5
-0.984	31.1
-0.989	26.7
-0.995	22.6
-1.000	19.1
-1.005	16.2
-1.011	13.8
-1.016	12.0
-1.021	10.6
-1.027	9.4
-1.032	8.5
-1.037	7.7
-1.043	7.2
-1.048	6.8
-1.053	6.4
-1.059	6.0
-1.064	5.6
-1.069	5.3
-1.075	5.2
-1.080	5.0
-1.085	4.8
-1.091	4.6
-1.096	4.5
-1.101	4.4
-1.107	4.4
-1.112	4.4
-1.118	4.4
-1.123	4.4
-1.128	4.4
-1.134	4.4
-1.139	4.4
-1.144	4.4
-1.150	4.4
-1.155	4.4
-1.160	4.4
-1.166	4.4
-1.171	4.4
-1.176	4.5
-1.182	4.8
-1.187	5.0
-1.192	5.2
-1.198	5.6
-1.203	6.0
-1.208	6.2
-1.214	6.6
-1.219	7.0
-1.224	7.6
-1.230	8.4
-1.235	9.2
-1.240	10.5
-1.246	12.1
-1.251	14.4
-1.256	17.2
-1.262	20.6
-1.267	24.7
-1.273	29.3
-1.278	34.2
-1.283	38.7
-1.289	42.4
-1.294	44.4
-1.299	45.1
-1.305	44.1
-1.310	41.6
-1.315	37.3
-1.321	31.9
-1.326	25.9
-1.331	20.7
-1.337	16.5
-1.342	13.6
-1.347	11.3
-1.353	9.7
-1.358	8.4
-1.363	7.6
-1.369	6.8
-1.374	6.4
-1.379	5.9
-1.385	5.5
-1.390	5.1
-1.395	4.8
-1.401	4.5
-1.406	4.4
-1.411	4.4
-1.417	4.4
-1.422	4.4
-1.428	4.4
-1.433	4.4
-1.438	4.4
-1.444	4.4
-1.449	4.4
-1.454	4.4
-1.460	4.4
-1.465	4.4
-1.470	4.6
-1.476	4.8
-1.481	5.2
-1.486	5.4
-1.492	5.7
-1.497	6.1
-1.502	6.5
-1.508	7.2
-1.513	8.0
-1.518	9.1
-1.524	10.7
-1.529	12.7
-1.534	15.9
-1.540	19.6
-1.545	24.4
-1.550	30.0
-1.556	35.7
-1.561	40.4
-1.566	43.3
-1.572	44.1
-1.577	42.6
-1.582	38.8
-1.588	32.9
-1.593	26.2
-1.599	20.5
-1.604	16.1
-1.609	12.8
-1.615	10.3
-1.620	8.5
-1.625	7.2
-1.631	6.4
-1.636	5.9
-1.641	5.5
-1.647	4.9
-1.652	4.6
-1.657	4.4
-1.663	4.4
-1.668	4.4
-1.673	4.4
-1.679	4.4
-1.684	4.4
-1.689	4.4
-1.695	4.4
-1.700	4.4
-1.705	4.4
-1.711	4.4
-1.716	4.5
-1.721	4.8
-1.727	5.2
-1.732	5.6
-1.737	6.0
-1.743	6.4
-1.748	7.2
-1.753	8.4
-1.759	9.8
-1.764	11.8
-1.769	14.3
-1.775	17.7
-1.780	22.5
-1.786	28.7
-1.791	35.5
-1.796	40.7
-1.802	43.4
-1.807	42.3
-1.812	37.6
-1.818	30.5
-1.823	23.6
-1.828	17.9
-1.834	13.9
-1.839	10.9
-1.844	8.9
-1.850	7.5
-1.855	6.6
-1.860	5.8
-1.866	5.2
-1.871	4.8
-1.876	4.4
-1.882	4.4
-1.887	4.4
-1.892	4.2
-1.898	4.2
-1.903	4.1
-1.908	4.1
-1.914	4.1
-1.919	4.1
-1.924	4.1
-1.930	4.3
-1.935	4.6
-1.940	4.9
-1.946	5.3
-1.951	5.9
-1.956	6.7
-1.962	7.8
-1.967	9.2
-1.972	11.4
-1.978	14.2
-1.983	18.6
-1.989	24.4
-1.994	31.7
-1.999	38.8
-2.005	43.5
-2.010	43.1
-2.015	37.8
-2.021	29.9
-2.026	22.3
-2.031	16.4
-2.037	12.4
-2.042	9.6
-2.047	7.7
-2.053	6.5
-2.058	5.7
-2.063	4.9
-2.069	4.5
-2.074	4.4
-2.079	4.4
-2.085	4.3
-2.090	4.2
-2.095	4.1
-2.101	4.1
-2.106	4.1
-2.111	4.1
-2.117	4.1
-2.122	4.3
-2.127	4.6
-2.133	5.0
-2.138	5.5
-2.143	6.3
-2.149	7.2
-2.154	8.6
-2.159	10.5
-2.165	13.3
-2.170	17.6
-2.175	23.9
-2.181	31.9
-2.186	40.0
-2.191	43.6
-2.197	40.7
-2.202	32.6
-2.207	24.2
-2.213	17.4
-2.218	13.1
-2.223	10.2
-2.229	8.2
-2.234	6.7
-2.240	5.6
-2.245	4.8
-2.250	4.4
-2.256	4.3
-2.261	4.2
-2.266	4.1
-2.272	4.1
-2.277	4.0
-2.282	4.0
-2.288	4.0
-2.293	4.0
-2.298	4.2
-2.304	4.6
-2.309	5.0
-2.314	5.7
-2.320	6.5
-2.325	7.7
-2.330	9.5
-2.336	12.0
-2.341	16.0
-2.346	22.0
-2.352	30.3
-2.357	39.1
-2.362	42.9
-2.368	39.0
-2.373	30.6
-2.378	22.6
-2.384	16.4
-2.389	12.3
-2.394	9.5
-2.400	7.6
-2.405	6.4
-2.410	5.6
-2.416	4.8
-2.421	4.4
-2.426	4.3
-2.432	4.2
-2.437	4.1
-2.442	4.1
-2.448	4.0
-2.453	4.0
-2.458	4.1
-2.464	4.5
-2.469	4.9
-2.474	5.6
-2.480	6.4
-2.485	7.4
-2.490	9.0
-2.496	11.3
-2.501	15.2
-2.506	21.6
-2.512	31.0
-2.517	39.8
-2.522	41.3
-2.528	35.0
-2.533	26.2
-2.538	19.0
-2.544	13.9
-2.549	10.4
-2.554	8.1
-2.560	6.7
-2.565	5.6
-2.570	4.9
-2.576	4.5
-2.581	4.4
-2.586	4.1
-2.592	4.1
-2.597	4.1
-2.602	4.1
-2.608	4.1
-2.613	4.2
-2.619	4.5
-2.624	5.3
-2.629	5.8
-2.635	6.7
-2.640	8.2
-2.645	10.6
-2.651	14.7
-2.656	21.7
-2.661	31.8
-2.667	40.4
-2.672	39.6
-2.677	31.5
-2.683	22.7
-2.688	16.0
-2.693	12.0
-2.699	9.2
-2.704	7.3
-2.709	6.1
-2.715	5.2
-2.720	4.8
-2.725	4.4
-2.731	4.2
-2.736	4.1
-2.741	4.1
-2.747	4.0
-2.752	4.0
-2.757	4.1
-2.763	4.4
-2.768	5.0
-2.773	5.8
-2.779	6.8
-2.784	8.7
-2.789	11.6
-2.795	17.0
-2.800	25.8
-2.805	36.0
-2.811	39.5
-2.816	34.0
-2.821	25.3
-2.827	18.0
-2.832	12.8
-2.837	9.6
-2.843	7.5
-2.848	6.0
-2.853	5.2
-2.859	4.6
-2.864	4.2
-2.869	4.0
-2.875	4.0
-2.880	4.0
-2.885	4.0
-2.891	4.0
-2.896	4.1
-2.901	4.6
-2.907	5.2
-2.912	6.1
-2.917	7.7
-2.923	10.3
-2.928	15.0
-2.933	23.2
-2.939	33.7
-2.944	38.2
-2.949	33.6
-2.955	25.2
-2.960	17.9
-2.965	12.8
-2.971	9.6
-2.976	7.6
-2.981	6.0
-2.987	5.2
-2.992	4.7
-2.997	4.3
-3.003	4.0
-3.008	4.0
-3.013	4.0
-3.019	4.0
-3.024	4.0
-3.029	4.4
-3.035	5.2
-3.040	6.0
-3.045	7.6
-3.051	10.0
-3.056	14.4
-3.061	22.7
-3.067	32.3
-3.072	36.3
-3.077	31.3
-3.083	23.1
-3.088	16.4
-3.093	11.8
-3.099	8.8
-3.104	6.8
-3.109	5.6
-3.115	4.8
-3.120	4.4
-3.125	4.0
-3.131	4.0
-3.136	4.0
-3.141	4.0
-3.147	4.0
-3.152	4.4
-3.157	4.9
-3.163	5.7
-3.168	7.3
-3.173	9.8
-3.179	14.3
-3.184	22.0
-3.189	31.1
-3.195	34.1
-3.200	29.2
-3.205	21.5
-3.211	15.2
-3.216	10.8
-3.221	8.1
-3.227	6.4
-3.232	5.2
-3.237	4.5
-3.243	4.1
-3.248	3.9
-3.253	3.9
-3.259	3.9
-3.264	4.0
-3.269	4.0
-3.275	4.4
-3.280	5.0
-3.285	5.9
-3.291	7.7
-3.296	11.2
-3.301	17.7
-3.306	25.7
-3.312	30.0
-3.317	27.2
-3.322	20.8
-3.328	15.1
-3.333	10.8
-3.338	8.1
-3.344	6.4
-3.349	5.2
-3.354	4.6
-3.360	4.2
-3.365	4.0
-3.370	4.0
-3.376	4.0
-3.381	4.0
-3.386	4.4
-3.392	5.2
-3.397	6.4
-3.402	8.4
-3.408	12.1
-3.413	18.1
-3.418	25.3
-3.424	30.1
-3.429	28.2
-3.434	22.1
-3.440	15.9
-3.445	11.5
-3.450	8.4
-3.456	6.4
-3.461	5.2
-3.466	4.4
-3.472	4.0
-3.477	4.0
-3.482	4.0
-3.488	4.0
-3.493	4.0
-3.498	4.4
-3.504	5.2
-3.509	6.8
-3.514	9.7
-3.520	14.4
-3.525	20.6
-3.530	26.2
-3.536	28.3
-3.541	24.9
-3.546	18.9
-3.552	13.6
-3.557	9.7
-3.562	7.2
-3.568	5.6
-3.573	4.8
-3.578	4.4
-3.584	4.0
-3.589	4.0
-3.594	4.0
-3.600	4.0
-3.605	4.7
-3.610	5.7
-3.616	7.6
-3.621	10.7
-3.626	15.3
-3.632	20.5
-3.637	25.0
-3.642	26.5
-3.647	23.1
-3.653	17.5
-3.658	12.4
-3.663	8.8
-3.669	6.4
-3.674	5.2
-3.679	4.4
-3.685	4.0
-3.690	3.7
-3.695	3.7
-3.701	3.8
-3.706	4.1
-3.711	5.0
-3.717	6.8
-3.722	10.0
-3.727	14.3
-3.733	19.0
-3.738	23.0
-3.743	24.9
-3.749	22.8
-3.754	17.9
-3.759	12.9
-3.765	9.2
-3.770	6.8
-3.775	5.2
-3.781	4.4
-3.786	3.9
-3.791	3.6
-3.797	3.6
-3.802	3.6
-3.807	4.0
-3.813	5.2
-3.818	7.3
-3.823	10.9
-3.829	15.2
-3.834	18.7
-3.839	21.2
-3.844	21.9
-3.850	19.5
-3.855	15.1
-3.860	11.1
-3.866	7.9
-3.871	6.0
-3.876	4.8
-3.882	4.0
-3.887	3.6
-3.892	3.6
-3.898	3.6
-3.903	4.0
-3.908	4.5
-3.914	6.0
-3.919	9.2
-3.924	13.6
-3.930	16.8
-3.935	18.8
-3.940	19.8
-3.946	18.3
-3.951	14.6
-3.956	10.9
-3.962	7.9
-3.967	5.9
-3.972	4.7
-3.978	3.9
-3.983	3.5
-3.988	3.5
-3.994	3.5
-3.999	3.9
-4.004	4.8
-4.009	6.8
-4.015	10.4
-4.020	14.8
-4.025	17.6
-4.031	18.8
-4.036	18.7
-4.041	16.3
-4.047	12.7
-4.052	9.2
-4.057	6.8
-4.063	5.2
-4.068	4.4
-4.073	3.6
-4.079	3.2
-4.084	3.2
-4.089	3.5
-4.095	4.1
-4.100	5.6
-4.105	8.3
-4.111	12.4
-4.116	16.0
-4.121	17.6
-4.127	17.9
-4.132	16.7
-4.137	13.6
-4.143	10.3
-4.148	7.5
-4.153	5.6
-4.158	4.4
-4.164	3.6
-4.169	3.2
-4.174	3.2
-4.180	3.4
-4.185	3.9
-4.190	5.2
-4.196	8.0
-4.201	11.2
-4.206	14.0
-4.212	15.6
-4.217	16.0
-4.222	14.7
-4.228	12.3
-4.233	9.5
-4.238	6.8
-4.244	5.2
-4.249	4.4
-4.254	3.6
-4.260	3.2
-4.265	3.2
-4.270	3.3
-4.275	3.8
-4.281	5.3
-4.286	7.7
-4.291	10.5
-4.297	13.2
-4.302	15.1
-4.307	14.9
-4.313	12.8
-4.318	10.0
-4.323	7.5
-4.329	5.6
-4.334	4.2
-4.339	3.4
-4.345	3.0
-4.350	2.8
-4.355	2.8
-4.361	3.2
-4.366	3.8
-4.371	5.2
-4.377	6.8
-4.382	9.3
-4.387	12.3
-4.392	13.5
-4.398	12.0
-4.403	9.6
-4.408	7.2
-4.414	5.5
-4.419	4.2
-4.424	3.4
-4.430	2.8
-4.435	2.7
-4.440	2.7
-4.446	2.8
-4.451	3.2
-4.456	4.0
-4.462	5.2
-4.467	7.3
-4.472	10.1
-4.478	11.3
-4.483	10.1
-4.488	8.0
-4.493	6.0
-4.499	4.4
-4.504	3.3
-4.509	2.5
-4.515	2.1
-4.520	2.0
-4.525	2.0
-4.531	2.1
-4.536	2.4
-4.541	2.8
-4.547	3.8
-4.552	6.0
-4.557	8.4
-4.563	9.2
-4.568	7.7
-4.573	6.0
-4.578	4.4
-4.584	3.4
-4.589	2.6
-4.594	2.0
-4.600	1.6
-4.605	1.6
-4.610	1.5
-4.616	1.6
-4.621	1.6
-4.626	2.4
-4.632	4.0
-4.637	6.0
-4.642	7.3
-4.648	6.9
-4.653	5.3
-4.658	4.3
-4.663	3.1
-4.669	2.4
-4.674	1.7
-4.679	1.3
-4.685	1.2
-4.690	1.2
-4.695	1.2
-4.701	1.4
-4.706	1.9
-4.711	2.8
-4.717	4.4
-4.722	5.6
-4.727	5.2
-4.733	4.4
-4.738	3.2
-4.743	2.4
-4.748	1.7
-4.754	1.3
-4.759	1.1
-4.764	1.0
-4.770	1.0
-4.775	1.0
-4.780	1.2
-4.786	1.7
-4.791	2.5
-4.796	3.3
-4.802	3.7
-4.807	3.9
-4.812	3.5
-4.818	2.7
-4.823	2.0
-4.828	1.6
-4.833	1.2
-4.839	1.0
-4.844	0.8
-4.849	0.8
-4.855	0.8
-4.860	0.8
-4.865	1.2
-4.871	1.6
-4.876	2.0
-4.881	2.4
-4.887	2.4
-4.892	2.0
-4.897	1.6
-4.902	1.2
-4.908	1.0
-4.913	0.8
-4.918	0.8
-4.924	0.8
-4.929	0.7
-4.934	0.7
-4.940	0.7
-4.945	0.7
-4.950	0.7
-4.956	0.8
-4.961	0.8
-4.966	0.8
-4.971	0.8
-4.977	0.8
-4.982	0.7
-4.987	0.6
-4.993	0.5
-4.998	0.4
-5.003	0.4
-5.009	0.4
-5.014	0.4
-5.019	0.4
-5.025	0.4
-5.030	0.4
-5.035	0.4
-5.040	0.4
-5.046	0.4
-5.051	0.4
-5.056	0.4
-5.062	0.4
-5.067	0.3
-5.072	0.3
-5.078	0.2
-5.083	0.2
-5.088	0.2
-5.094	0.2
-5.099	0.1
-5.104	0.1
-5.109	0.1
-5.115	0.1
-5.120	0.1
-5.125	0.1
-5.131	0.1
-5.136	0.1
-5.141	0.1
-5.147	0.1
-5.152	0.1
-5.157	0.0
-5.162	0.0
-5.168	0.0
-5.173	0.0
-5.178	0.0
-5.184	0.0
-5.189	0.0
-5.194	0.0
-5.200	0.0
-5.205	0.0
-5.210	0.0
-5.216	0.0
-5.221	0.0
-5.226	0.0
-5.231	0.0
-5.237	0.0
-5.242	0.0
-5.247	0.0
-5.253	0.0
-5.258	0.0
-5.263	0.0
-5.269	0.0
-5.274	0.0
-5.279	0.0
-5.284	0.0
-5.290	0.0
-5.295	0.0
-5.300	0.0
-5.306	0.0
-5.311	0.0
-5.316	0.0
-5.322	0.0
-5.327	0.0
-5.332	0.0
-5.337	0.0
-5.343	0.0
-5.348	0.0
-5.353	0.0
-5.359	0.0
-5.364	0.0
-5.369	0.0
-5.375	0.0
-5.380	0.0
-5.385	0.0
-5.390	0.0
-5.396	0.0
-5.401	0.0
-5.406	0.0
-5.412	0.0
-5.417	0.0
-5.422	0.0
-5.428	0.0
-5.433	0.0
-5.438	0.0
-5.443	0.0
-5.449	0.0
-5.454	0.0
