&a / °	I1 / %
5.459	0.0
5.454	0.0
5.449	0.0
5.443	0.0
5.438	0.0
5.433	0.0
5.428	0.0
5.422	0.0
5.417	0.0
5.412	0.0
5.406	0.0
5.401	0.0
5.396	0.0
5.390	0.0
5.385	0.0
5.380	0.0
5.375	0.0
5.369	0.0
5.364	0.0
5.359	0.0
5.353	0.0
5.348	0.0
5.343	0.0
5.337	0.0
5.332	0.0
5.327	0.0
5.322	0.0
5.316	0.0
5.311	0.0
5.306	0.0
5.300	0.0
5.295	0.0
5.290	0.0
5.284	0.0
5.279	0.0
5.274	0.0
5.269	0.0
5.263	0.0
5.258	0.0
5.253	0.0
5.247	0.0
5.242	0.0
5.237	0.0
5.231	0.0
5.226	0.0
5.221	0.0
5.216	0.0
5.210	0.0
5.205	0.0
5.200	0.0
5.194	0.0
5.189	0.0
5.184	0.0
5.178	0.0
5.173	0.0
5.168	0.0
5.162	0.0
5.157	0.0
5.152	0.0
5.147	0.0
5.141	0.0
5.136	0.0
5.131	0.0
5.125	0.0
5.120	0.0
5.115	0.0
5.109	0.0
5.104	0.0
5.099	0.1
5.094	0.1
5.088	0.1
5.083	0.1
5.078	0.2
5.072	0.2
5.067	0.3
5.062	0.3
5.056	0.3
5.051	0.3
5.046	0.3
5.040	0.3
5.035	0.3
5.030	0.3
5.025	0.4
5.019	0.4
5.014	0.4
5.009	0.4
5.003	0.4
4.998	0.4
4.993	0.4
4.987	0.4
4.982	0.4
4.977	0.4
4.971	0.4
4.966	0.4
4.961	0.4
4.956	0.4
4.950	0.4
4.945	0.4
4.940	0.4
4.934	0.4
4.929	0.4
4.924	0.4
4.918	0.5
4.913	0.5
4.908	0.5
4.902	0.5
4.897	0.5
4.892	0.5
4.887	0.5
4.881	0.5
4.876	0.5
4.871	0.7
4.865	0.8
4.860	0.8
4.855	0.8
4.849	0.8
4.844	0.8
4.839	0.8
4.833	0.8
4.828	0.8
4.823	0.8
4.818	0.8
4.812	0.8
4.807	0.8
4.802	0.8
4.796	0.8
4.791	0.8
4.786	1.0
4.780	1.1
4.775	1.1
4.770	1.2
4.764	1.2
4.759	1.2
4.754	1.2
4.748	1.3
4.743	1.3
4.738	1.3
4.733	1.3
4.727	1.3
4.722	1.3
4.717	1.3
4.711	1.5
4.706	1.6
4.701	1.6
4.695	1.7
4.690	2.0
4.685	2.1
4.679	2.3
4.674	2.4
4.669	2.4
4.663	2.4
4.658	2.5
4.653	2.5
4.648	2.5
4.642	2.5
4.637	2.5
4.632	2.6
4.626	2.8
4.621	2.8
4.616	3.1
4.610	3.3
4.605	3.6
4.600	3.6
4.594	4.0
4.589	4.0
4.584	4.2
4.578	4.2
4.573	4.3
4.568	4.3
4.563	4.3
4.557	4.3
4.552	4.1
4.547	4.0
4.541	4.0
4.536	4.0
4.531	4.0
4.525	4.4
4.520	4.8
4.515	5.1
4.509	5.5
4.504	5.9
4.499	6.3
4.493	6.6
4.488	6.7
4.483	6.6
4.478	6.3
4.472	5.9
4.467	5.6
4.462	5.2
4.456	4.8
4.451	4.5
4.446	4.9
4.440	5.7
4.435	6.4
4.430	6.8
4.424	7.2
4.419	7.8
4.414	8.6
4.408	8.9
4.403	8.8
4.398	8.3
4.392	8.0
4.387	7.6
4.382	7.2
4.377	6.5
4.371	5.8
4.366	5.4
4.361	5.4
4.355	6.2
4.350	7.2
4.345	8.1
4.339	8.5
4.334	8.9
4.329	9.7
4.323	10.5
4.318	10.5
4.313	10.1
4.307	9.6
4.302	9.2
4.297	9.1
4.291	8.3
4.286	7.4
4.281	6.6
4.275	6.5
4.270	6.7
4.265	7.6
4.260	8.7
4.254	9.6
4.249	10.2
4.244	11.0
4.238	12.1
4.233	13.0
4.228	13.0
4.222	12.3
4.217	11.6
4.212	11.3
4.206	10.9
4.201	10.0
4.196	8.8
4.190	8.0
4.185	8.0
4.180	8.4
4.174	9.0
4.169	9.7
4.164	10.6
4.158	12.0
4.153	13.2
4.148	14.3
4.143	15.3
4.137	15.6
4.132	15.2
4.127	14.5
4.121	13.9
4.116	13.2
4.111	12.3
4.105	11.1
4.100	10.3
4.095	10.3
4.089	10.3
4.084	11.0
4.079	11.8
4.073	12.6
4.068	13.6
4.063	15.1
4.057	16.6
4.052	17.4
4.047	17.9
4.041	18.1
4.036	18.0
4.031	17.8
4.025	17.1
4.020	16.0
4.015	14.7
4.009	13.6
4.004	12.9
3.999	12.6
3.994	12.7
3.988	13.1
3.983	13.5
3.978	14.2
3.972	15.5
3.967	17.5
3.962	19.1
3.956	19.9
3.951	19.9
3.946	20.3
3.940	20.7
3.935	20.8
3.930	20.0
3.924	18.5
3.919	17.1
3.914	16.3
3.908	15.5
3.903	14.9
3.898	14.7
3.892	14.9
3.887	15.2
3.882	15.6
3.876	16.6
3.871	18.6
3.866	20.7
3.860	22.1
3.855	22.2
3.850	22.1
3.844	22.7
3.839	23.5
3.834	23.3
3.829	21.7
3.823	19.8
3.818	18.5
3.813	17.9
3.807	17.4
3.802	17.1
3.797	16.8
3.791	16.6
3.786	16.6
3.781	16.9
3.775	18.2
3.770	20.2
3.765	22.2
3.759	23.3
3.754	23.6
3.749	23.9
3.743	24.8
3.738	25.8
3.733	25.9
3.727	24.3
3.722	22.1
3.717	20.3
3.711	19.4
3.706	19.0
3.701	18.7
3.695	18.3
3.690	17.9
3.685	17.5
3.679	17.9
3.674	19.5
3.669	21.7
3.663	23.8
3.658	25.0
3.653	25.4
3.647	25.8
3.642	26.3
3.637	26.7
3.632	26.7
3.626	25.6
3.621	23.6
3.616	21.5
3.610	19.9
3.605	19.4
3.600	19.3
3.594	19.3
3.589	18.8
3.584	18.1
3.578	17.8
3.573	18.5
3.568	20.5
3.562	23.2
3.557	25.4
3.552	26.2
3.546	26.3
3.541	26.7
3.536	27.5
3.530	27.9
3.525	27.1
3.520	25.4
3.514	23.7
3.509	22.2
3.504	21.1
3.498	20.3
3.493	19.7
3.488	19.5
3.482	19.4
3.477	19.1
3.472	18.9
3.466	19.5
3.461	21.2
3.456	23.9
3.450	26.3
3.445	27.5
3.440	27.5
3.434	27.8
3.429	28.7
3.424	29.9
3.418	29.9
3.413	28.2
3.408	25.6
3.402	23.5
3.397	21.9
3.392	20.9
3.386	20.0
3.381	18.9
3.376	18.5
3.370	18.9
3.365	18.9
3.360	18.9
3.354	19.4
3.349	20.8
3.344	23.3
3.338	26.1
3.333	27.7
3.328	28.1
3.322	28.1
3.317	28.8
3.312	30.0
3.306	30.3
3.301	28.9
3.296	26.3
3.291	23.7
3.285	22.0
3.280	20.4
3.275	18.7
3.269	17.2
3.264	16.2
3.259	15.8
3.253	16.1
3.248	16.6
3.243	17.7
3.237	19.6
3.232	22.2
3.227	25.4
3.221	27.8
3.216	28.8
3.211	28.9
3.205	29.3
3.200	30.4
3.195	31.4
3.189	31.3
3.184	29.5
3.179	26.8
3.173	24.2
3.168	22.8
3.163	21.5
3.157	20.0
3.152	18.8
3.147	17.9
3.141	17.7
3.136	18.1
3.131	18.5
3.125	19.2
3.120	20.2
3.115	22.4
3.109	25.4
3.104	28.4
3.099	30.3
3.093	30.6
3.088	30.2
3.083	30.7
3.077	31.9
3.072	32.8
3.067	32.4
3.061	30.2
3.056	26.9
3.051	24.4
3.045	22.9
3.040	21.8
3.035	20.6
3.029	19.3
3.024	18.2
3.019	17.8
3.013	18.0
3.008	18.5
3.003	19.0
2.997	19.9
2.992	21.7
2.987	24.6
2.981	27.8
2.976	30.6
2.971	31.8
2.965	31.6
2.960	31.2
2.955	31.9
2.949	33.2
2.944	33.9
2.939	33.2
2.933	30.7
2.928	27.2
2.923	24.7
2.917	23.2
2.912	22.0
2.907	20.5
2.901	18.9
2.896	17.7
2.891	17.3
2.885	17.5
2.880	18.1
2.875	18.9
2.869	19.7
2.864	21.1
2.859	23.4
2.853	26.4
2.848	29.5
2.843	31.9
2.837	32.9
2.832	32.6
2.827	32.5
2.821	33.4
2.816	34.6
2.811	35.1
2.805	34.1
2.800	31.5
2.795	28.1
2.789	25.3
2.784	23.7
2.779	22.2
2.773	20.5
2.768	18.4
2.763	16.8
2.757	16.1
2.752	16.4
2.747	17.5
2.741	18.7
2.736	20.6
2.731	21.2
2.725	22.5
2.720	24.9
2.715	27.5
2.709	30.1
2.704	32.0
2.699	33.4
2.693	33.4
2.688	33.4
2.683	33.7
2.677	34.4
2.672	34.8
2.667	34.1
2.661	32.4
2.656	29.6
2.651	26.9
2.645	25.1
2.640	24.1
2.635	22.8
2.629	20.8
2.624	18.7
2.619	16.9
2.613	16.1
2.608	16.3
2.602	17.3
2.597	18.8
2.592	20.2
2.586	21.2
2.581	22.6
2.576	24.5
2.570	27.1
2.565	29.9
2.560	32.7
2.554	34.7
2.549	35.5
2.544	35.2
2.538	35.1
2.533	35.9
2.528	36.7
2.522	36.6
2.517	35.3
2.512	33.0
2.506	30.1
2.501	27.4
2.496	25.6
2.490	24.4
2.485	22.9
2.480	20.8
2.474	18.5
2.469	16.5
2.464	15.2
2.458	14.8
2.453	15.5
2.448	16.9
2.442	18.8
2.437	20.5
2.432	21.8
2.426	23.3
2.421	25.3
2.416	27.5
2.410	29.9
2.405	32.1
2.400	34.3
2.394	36.0
2.389	36.5
2.384	36.4
2.378	36.8
2.373	37.3
2.368	37.3
2.362	36.2
2.357	34.4
2.352	32.4
2.346	30.1
2.341	27.9
2.336	26.4
2.330	25.1
2.325	23.6
2.320	21.2
2.314	18.8
2.309	16.4
2.304	14.9
2.298	14.2
2.293	14.4
2.288	15.4
2.282	17.2
2.277	19.2
2.272	21.2
2.266	22.6
2.261	23.8
2.256	24.9
2.250	25.5
2.245	26.2
2.240	28.0
2.234	31.0
2.229	34.4
2.223	36.8
2.218	37.8
2.213	38.2
2.207	38.6
2.202	38.6
2.197	37.4
2.191	35.3
2.186	33.5
2.181	31.6
2.175	29.9
2.170	27.9
2.165	26.3
2.159	25.0
2.154	23.8
2.149	22.1
2.143	20.0
2.138	17.6
2.133	15.6
2.127	14.4
2.122	13.9
2.117	14.0
2.111	15.0
2.106	16.6
2.101	18.8
2.095	21.1
2.090	23.1
2.085	24.7
2.079	26.4
2.074	28.2
2.069	29.7
2.063	30.8
2.058	31.7
2.053	33.3
2.047	35.7
2.042	37.9
2.037	39.2
2.031	39.7
2.026	40.1
2.021	40.1
2.015	39.1
2.010	37.1
2.005	34.7
1.999	32.8
1.994	31.5
1.989	30.5
1.983	29.6
1.978	28.5
1.972	27.5
1.967	25.8
1.962	23.5
1.956	20.8
1.951	18.0
1.946	15.6
1.940	14.0
1.935	13.2
1.930	12.9
1.924	13.2
1.919	14.0
1.914	15.2
1.908	17.2
1.903	19.6
1.898	21.8
1.892	23.8
1.887	25.5
1.882	27.2
1.876	28.8
1.871	29.7
1.866	30.1
1.860	30.2
1.855	31.0
1.850	32.9
1.844	35.4
1.839	38.0
1.834	39.6
1.828	40.4
1.823	40.7
1.818	40.5
1.812	39.2
1.807	36.9
1.802	34.3
1.796	32.1
1.791	30.9
1.786	30.4
1.780	30.0
1.775	29.7
1.769	29.2
1.764	28.4
1.759	27.0
1.753	25.0
1.748	22.4
1.743	19.6
1.737	17.2
1.732	15.2
1.727	13.8
1.721	13.0
1.716	12.6
1.711	12.5
1.705	12.9
1.700	13.7
1.695	15.1
1.689	17.0
1.684	19.1
1.679	21.2
1.673	23.2
1.668	24.9
1.663	26.7
1.657	28.3
1.652	29.6
1.647	30.0
1.641	30.0
1.636	29.9
1.631	30.2
1.625	31.5
1.620	33.8
1.615	36.7
1.609	39.4
1.604	41.2
1.599	42.1
1.593	42.3
1.588	41.9
1.582	40.4
1.577	38.0
1.572	35.2
1.566	32.7
1.561	30.6
1.556	29.7
1.550	29.3
1.545	29.3
1.540	30.0
1.534	30.0
1.529	30.1
1.524	29.2
1.518	27.6
1.513	25.4
1.508	22.7
1.502	19.9
1.497	17.4
1.492	15.4
1.486	13.8
1.481	12.7
1.476	11.9
1.470	11.6
1.465	11.6
1.460	12.0
1.454	12.4
1.449	13.3
1.444	14.4
1.438	16.0
1.433	17.9
1.428	20.3
1.422	22.6
1.417	24.6
1.411	26.6
1.406	28.2
1.401	29.7
1.395	30.9
1.390	31.2
1.385	30.8
1.379	30.2
1.374	29.7
1.369	29.7
1.363	30.0
1.358	31.2
1.353	32.8
1.347	35.6
1.342	38.4
1.337	41.2
1.331	43.1
1.326	44.1
1.321	43.9
1.315	42.8
1.310	40.5
1.305	37.7
1.299	34.8
1.294	32.3
1.289	30.5
1.283	29.3
1.278	28.9
1.273	29.1
1.267	29.5
1.262	30.3
1.256	30.8
1.251	31.1
1.246	30.7
1.240	30.0
1.235	28.8
1.230	27.2
1.224	25.4
1.219	23.0
1.214	20.6
1.208	18.3
1.203	16.5
1.198	14.9
1.192	13.8
1.187	13.0
1.182	12.4
1.176	12.0
1.171	11.6
1.166	11.5
1.160	11.5
1.155	11.5
1.150	11.8
1.144	12.5
1.139	13.4
1.134	14.7
1.128	16.0
1.123	17.3
1.118	18.9
1.112	20.5
1.107	22.5
1.101	24.2
1.096	26.0
1.091	27.6
1.085	29.3
1.080	30.7
1.075	31.7
1.069	32.1
1.064	31.7
1.059	30.8
1.053	29.9
1.048	29.0
1.043	28.2
1.037	28.1
1.032	28.5
1.027	29.9
1.021	31.9
1.016	34.3
1.011	37.0
1.005	39.9
1.000	42.6
0.995	44.9
0.989	46.4
0.984	47.4
0.979	47.6
0.973	47.1
0.968	45.9
0.962	44.1
0.957	41.6
0.952	38.7
0.946	35.6
0.941	32.9
0.936	31.2
0.930	30.1
0.925	29.8
0.920	29.3
0.914	28.3
0.909	27.0
0.904	25.6
0.898	24.4
0.893	23.9
0.888	24.2
0.882	25.3
0.877	27.3
0.872	29.5
0.866	31.1
0.861	32.0
0.856	31.9
0.850	30.7
0.845	29.2
0.840	27.1
0.834	25.1
0.829	23.0
0.823	21.2
0.818	19.5
0.813	17.9
0.807	16.6
0.802	15.4
0.797	14.5
0.791	13.7
0.786	13.3
0.781	12.8
0.775	12.5
0.770	12.1
0.765	11.9
0.759	11.6
0.754	11.6
0.749	11.6
0.743	11.6
0.738	11.6
0.733	11.7
0.727	11.9
0.722	12.2
0.717	12.5
0.711	12.9
0.706	13.3
0.701	13.9
0.695	14.6
0.690	15.4
0.684	16.2
0.679	17.2
0.674	18.3
0.668	19.5
0.663	20.8
0.658	22.2
0.652	23.4
0.647	24.7
0.642	25.8
0.636	27.1
0.631	28.3
0.626	29.3
0.620	30.2
0.615	31.0
0.610	31.5
0.604	31.9
0.599	32.3
0.594	32.3
0.588	32.4
0.583	32.0
0.578	31.4
0.572	30.7
0.567	30.1
0.561	29.7
0.556	29.3
0.551	28.9
0.545	28.4
0.540	28.0
0.535	27.6
0.529	27.4
0.524	27.3
0.519	27.3
0.513	27.4
0.508	27.8
0.503	28.3
0.497	28.6
0.492	29.3
0.487	29.9
0.481	31.2
0.476	32.6
0.471	34.2
0.465	35.8
0.460	37.3
0.455	38.9
0.449	40.3
0.444	41.6
0.438	42.7
0.433	43.7
0.428	44.7
0.422	45.5
0.417	46.4
0.412	47.0
0.406	47.6
0.401	47.9
0.396	48.0
0.390	48.0
0.385	47.8
0.380	47.5
0.374	46.9
0.369	46.4
0.364	45.5
0.358	44.6
0.353	43.5
0.348	42.7
0.342	41.8
0.337	41.0
0.332	40.1
0.326	39.2
0.321	38.1
0.316	37.0
0.310	36.1
0.305	35.2
0.299	34.2
0.294	33.3
0.289	32.5
0.283	31.6
0.278	30.8
0.273	30.1
0.267	29.5
0.262	29.1
0.257	28.6
0.251	28.3
0.246	28.1
0.241	27.9
0.235	27.6
0.230	27.4
0.225	27.3
0.219	27.0
0.214	26.9
0.209	26.7
0.203	26.8
0.198	26.8
0.193	26.8
0.187	26.9
0.182	26.9
0.176	26.9
0.171	26.9
0.166	26.9
0.160	26.9
0.155	27.0
0.150	27.0
0.144	27.1
0.139	27.1
0.134	27.2
0.128	27.2
0.123	27.3
0.118	27.4
0.112	27.6
0.107	27.6
0.102	27.8
0.096	27.8
0.091	27.9
0.086	27.9
0.080	28.0
0.075	28.0
0.070	28.0
0.064	28.0
0.059	28.0
0.053	28.0
0.048	28.0
0.043	28.1
0.037	28.1
0.032	28.1
0.027	28.2
0.021	28.3
0.016	28.4
0.011	28.4
0.005	28.5
0.000	28.7
-0.005	28.7
-0.011	28.5
-0.016	28.5
-0.021	28.5
-0.027	28.6
-0.032	28.6
-0.037	28.6
-0.043	28.6
-0.048	28.6
-0.053	28.6
-0.059	28.6
-0.064	28.6
-0.070	28.6
-0.075	28.6
-0.080	28.6
-0.086	28.6
-0.091	28.5
-0.096	28.4
-0.102	28.0
-0.107	27.5
-0.112	27.2
-0.118	26.7
-0.123	27.2
-0.128	27.3
-0.134	27.8
-0.139	28.0
-0.144	27.9
-0.150	27.9
-0.155	27.9
-0.160	27.8
-0.166	27.8
-0.171	27.8
-0.176	27.8
-0.182	27.9
-0.187	28.0
-0.193	28.1
-0.198	28.1
-0.203	28.2
-0.209	28.4
-0.214	28.8
-0.219	29.2
-0.225	29.5
-0.230	29.9
-0.235	30.2
-0.241	30.7
-0.246	31.1
-0.251	31.7
-0.257	32.2
-0.262	33.0
-0.267	33.5
-0.273	34.2
-0.278	34.6
-0.283	35.4
-0.289	36.5
-0.294	37.8
-0.299	39.1
-0.305	40.0
-0.310	41.0
-0.316	42.1
-0.321	43.3
-0.326	44.2
-0.332	45.1
-0.337	46.0
-0.342	46.7
-0.348	47.4
-0.353	47.7
-0.358	47.9
-0.364	48.0
-0.369	48.0
-0.374	48.0
-0.380	47.9
-0.385	47.7
-0.390	47.2
-0.396	46.4
-0.401	45.7
-0.406	44.9
-0.412	43.8
-0.417	42.6
-0.422	41.3
-0.428	40.0
-0.433	38.7
-0.438	37.2
-0.444	35.8
-0.449	34.3
-0.455	33.0
-0.460	31.7
-0.465	30.5
-0.471	29.5
-0.476	28.7
-0.481	28.2
-0.487	27.3
-0.492	26.6
-0.497	26.1
-0.503	26.0
-0.508	26.3
-0.513	27.1
-0.519	27.9
-0.524	28.8
-0.529	29.6
-0.535	30.3
-0.540	30.8
-0.545	31.0
-0.551	31.0
-0.556	31.1
-0.561	31.2
-0.567	31.4
-0.572	31.2
-0.578	30.8
-0.583	30.4
-0.588	29.8
-0.594	29.1
-0.599	28.5
-0.604	27.4
-0.610	26.3
-0.615	25.0
-0.620	23.7
-0.626	22.5
-0.631	21.5
-0.636	20.3
-0.642	19.2
-0.647	18.0
-0.652	16.9
-0.658	15.8
-0.663	14.8
-0.668	14.0
-0.674	13.2
-0.679	12.7
-0.684	12.2
-0.690	11.8
-0.695	11.4
-0.701	11.2
-0.706	10.9
-0.711	10.9
-0.717	10.8
-0.722	10.9
-0.727	10.9
-0.733	11.1
-0.738	11.2
-0.743	11.5
-0.749	11.9
-0.754	12.3
-0.759	12.7
-0.765	13.1
-0.770	13.7
-0.775	14.5
-0.781	15.3
-0.786	16.3
-0.791	17.4
-0.797	18.6
-0.802	19.7
-0.807	20.6
-0.813	22.0
-0.818	23.7
-0.823	25.9
-0.829	27.8
-0.834	28.9
-0.840	29.7
-0.845	30.1
-0.850	30.2
-0.856	30.0
-0.861	29.7
-0.866	29.3
-0.872	28.8
-0.877	28.2
-0.882	27.8
-0.888	27.4
-0.893	27.4
-0.898	27.5
-0.904	28.1
-0.909	29.0
-0.914	30.6
-0.920	32.3
-0.925	34.6
-0.930	36.6
-0.936	38.8
-0.941	40.1
-0.946	41.3
-0.952	42.5
-0.957	43.1
-0.962	43.1
-0.968	42.3
-0.973	40.8
-0.979	38.8
-0.984	36.3
-0.989	33.7
-0.995	31.2
-1.000	29.2
-1.005	27.8
-1.011	27.0
-1.016	26.9
-1.021	27.3
-1.027	27.9
-1.032	28.8
-1.037	29.5
-1.043	30.0
-1.048	30.0
-1.053	29.7
-1.059	28.9
-1.064	27.7
-1.069	26.3
-1.075	24.7
-1.080	22.9
-1.085	21.0
-1.091	19.2
-1.096	17.4
-1.101	15.8
-1.107	14.4
-1.112	13.2
-1.118	12.4
-1.123	11.8
-1.128	11.3
-1.134	11.0
-1.139	10.9
-1.144	10.8
-1.150	11.0
-1.155	11.1
-1.160	11.5
-1.166	11.9
-1.171	12.8
-1.176	14.2
-1.182	15.8
-1.187	17.8
-1.192	20.0
-1.198	22.3
-1.203	24.5
-1.208	26.4
-1.214	27.9
-1.219	28.7
-1.224	29.1
-1.230	29.1
-1.235	28.8
-1.240	28.3
-1.246	27.8
-1.251	27.4
-1.256	27.2
-1.262	27.5
-1.267	28.5
-1.273	30.1
-1.278	32.7
-1.283	35.6
-1.289	38.7
-1.294	41.0
-1.299	42.3
-1.305	42.5
-1.310	41.8
-1.315	40.0
-1.321	37.2
-1.326	33.5
-1.331	30.2
-1.337	27.6
-1.342	26.4
-1.347	26.0
-1.353	26.7
-1.358	27.7
-1.363	28.7
-1.369	29.2
-1.374	29.3
-1.379	28.2
-1.385	26.7
-1.390	24.7
-1.395	22.8
-1.401	20.6
-1.406	18.4
-1.411	16.3
-1.417	14.6
-1.422	13.3
-1.428	12.2
-1.433	11.5
-1.438	11.1
-1.444	10.9
-1.449	11.1
-1.454	11.4
-1.460	12.0
-1.465	12.8
-1.470	14.1
-1.476	15.8
-1.481	17.9
-1.486	20.4
-1.492	23.0
-1.497	25.4
-1.502	27.2
-1.508	28.2
-1.513	28.5
-1.518	28.2
-1.524	28.0
-1.529	27.2
-1.534	27.1
-1.540	27.1
-1.545	28.1
-1.550	29.9
-1.556	32.9
-1.561	36.1
-1.566	39.0
-1.572	41.0
-1.577	41.4
-1.582	40.6
-1.588	38.0
-1.593	34.1
-1.599	30.6
-1.604	28.1
-1.609	26.6
-1.615	26.4
-1.620	26.4
-1.625	27.0
-1.631	27.9
-1.636	28.2
-1.641	27.4
-1.647	25.2
-1.652	22.5
-1.657	19.7
-1.663	17.0
-1.668	14.7
-1.673	13.3
-1.679	12.0
-1.684	11.2
-1.689	10.8
-1.695	10.8
-1.700	11.1
-1.705	11.7
-1.711	12.5
-1.716	13.9
-1.721	15.8
-1.727	18.2
-1.732	21.1
-1.737	24.2
-1.743	26.7
-1.748	28.3
-1.753	28.8
-1.759	27.8
-1.764	26.6
-1.769	25.4
-1.775	25.0
-1.780	25.8
-1.786	28.0
-1.791	31.9
-1.796	36.0
-1.802	39.5
-1.807	41.0
-1.812	39.9
-1.818	36.5
-1.823	32.1
-1.828	28.4
-1.834	26.4
-1.839	25.7
-1.844	26.4
-1.850	27.6
-1.855	28.4
-1.860	28.3
-1.866	26.8
-1.871	24.2
-1.876	21.0
-1.882	17.8
-1.887	15.1
-1.892	13.0
-1.898	11.8
-1.903	11.0
-1.908	10.6
-1.914	10.6
-1.919	11.0
-1.924	11.8
-1.930	13.1
-1.935	15.1
-1.940	17.9
-1.946	21.2
-1.951	24.4
-1.956	26.9
-1.962	27.9
-1.967	27.9
-1.972	27.1
-1.978	26.1
-1.983	25.7
-1.989	26.5
-1.994	29.3
-1.999	33.7
-2.005	38.4
-2.010	41.2
-2.015	40.4
-2.021	36.4
-2.026	31.4
-2.031	27.4
-2.037	25.4
-2.042	24.8
-2.047	25.4
-2.053	26.1
-2.058	26.6
-2.063	25.7
-2.069	23.4
-2.074	20.1
-2.079	16.9
-2.085	14.2
-2.090	12.4
-2.095	11.3
-2.101	10.8
-2.106	10.7
-2.111	11.1
-2.117	11.8
-2.122	13.1
-2.127	15.1
-2.133	18.1
-2.138	21.9
-2.143	25.6
-2.149	27.6
-2.154	28.1
-2.159	27.2
-2.165	26.0
-2.170	25.1
-2.175	25.9
-2.181	28.8
-2.186	34.0
-2.191	39.1
-2.197	41.1
-2.202	38.0
-2.207	32.5
-2.213	27.7
-2.218	25.3
-2.223	24.9
-2.229	25.8
-2.234	26.6
-2.240	26.5
-2.245	24.7
-2.250	21.9
-2.256	18.7
-2.261	15.5
-2.266	13.3
-2.272	11.8
-2.277	11.0
-2.282	10.7
-2.288	10.7
-2.293	11.4
-2.298	12.7
-2.304	14.9
-2.309	18.5
-2.314	22.8
-2.320	26.5
-2.325	28.0
-2.330	27.6
-2.336	26.0
-2.341	24.5
-2.346	24.6
-2.352	27.3
-2.357	32.7
-2.362	38.7
-2.368	40.8
-2.373	37.3
-2.378	31.9
-2.384	27.6
-2.389	25.6
-2.394	25.7
-2.400	26.8
-2.405	27.9
-2.410	27.1
-2.416	23.9
-2.421	19.8
-2.426	16.2
-2.432	13.5
-2.437	11.9
-2.442	11.0
-2.448	10.7
-2.453	11.0
-2.458	11.8
-2.464	13.7
-2.469	16.6
-2.474	21.0
-2.480	25.5
-2.485	27.6
-2.490	27.0
-2.496	25.0
-2.501	23.4
-2.506	23.8
-2.512	27.0
-2.517	33.4
-2.522	39.2
-2.528	39.3
-2.533	34.5
-2.538	29.2
-2.544	26.1
-2.549	25.2
-2.554	25.9
-2.560	27.4
-2.565	27.2
-2.570	24.4
-2.576	20.0
-2.581	16.2
-2.586	13.4
-2.592	11.8
-2.597	11.0
-2.602	10.7
-2.608	11.0
-2.613	12.1
-2.619	14.3
-2.624	18.4
-2.629	23.1
-2.635	26.4
-2.640	27.0
-2.645	25.6
-2.651	24.0
-2.656	24.2
-2.661	27.5
-2.667	34.2
-2.672	38.5
-2.677	36.5
-2.683	30.7
-2.688	25.5
-2.693	23.6
-2.699	23.6
-2.704	25.5
-2.709	26.3
-2.715	24.5
-2.720	20.5
-2.725	16.7
-2.731	13.9
-2.736	10.7
-2.741	10.4
-2.747	10.4
-2.752	10.8
-2.757	12.0
-2.763	14.4
-2.768	18.5
-2.773	23.1
-2.779	26.0
-2.784	26.0
-2.789	24.3
-2.795	23.3
-2.800	24.6
-2.805	29.8
-2.811	36.2
-2.816	37.7
-2.821	33.2
-2.827	28.0
-2.832	24.8
-2.837	24.0
-2.843	25.1
-2.848	26.0
-2.853	24.1
-2.859	20.0
-2.864	15.9
-2.869	13.1
-2.875	11.4
-2.880	10.6
-2.885	10.4
-2.891	11.1
-2.896	12.6
-2.901	15.9
-2.907	20.5
-2.912	24.4
-2.917	25.2
-2.923	23.8
-2.928	22.4
-2.933	23.3
-2.939	28.1
-2.944	34.8
-2.949	37.0
-2.955	33.0
-2.960	27.9
-2.965	25.0
-2.971	24.4
-2.976	25.6
-2.981	26.1
-2.987	23.4
-2.992	19.0
-2.997	15.3
-3.003	12.8
-3.008	11.3
-3.013	10.6
-3.019	10.7
-3.024	11.9
-3.029	14.6
-3.035	19.0
-3.040	23.0
-3.045	24.3
-3.051	23.1
-3.056	21.9
-3.061	23.0
-3.067	27.4
-3.072	33.5
-3.077	34.8
-3.083	30.6
-3.088	26.2
-3.093	23.7
-3.099	23.7
-3.104	24.9
-3.109	24.1
-3.115	20.5
-3.120	16.4
-3.125	13.3
-3.131	11.3
-3.136	10.4
-3.141	10.4
-3.147	11.2
-3.152	13.4
-3.157	17.3
-3.163	21.8
-3.168	24.1
-3.173	23.7
-3.179	22.6
-3.184	23.3
-3.189	27.5
-3.195	32.7
-3.200	33.7
-3.205	29.8
-3.211	25.3
-3.216	23.0
-3.221	23.3
-3.227	24.2
-3.232	22.9
-3.237	19.2
-3.243	15.3
-3.248	12.5
-3.253	10.9
-3.259	10.3
-3.264	10.6
-3.269	12.1
-3.275	14.5
-3.280	17.3
-3.285	18.5
-3.291	18.5
-3.296	17.9
-3.301	19.4
-3.306	23.7
-3.312	29.2
-3.317	31.5
-3.322	28.9
-3.328	25.3
-3.333	23.3
-3.338	23.5
-3.344	23.9
-3.349	22.1
-3.354	18.3
-3.360	14.7
-3.365	12.2
-3.370	10.9
-3.376	10.5
-3.381	11.4
-3.386	13.8
-3.392	17.6
-3.397	21.2
-3.402	22.7
-3.408	22.2
-3.413	22.4
-3.418	24.8
-3.424	28.7
-3.429	31.0
-3.434	29.4
-3.440	25.8
-3.445	23.4
-3.450	22.9
-3.456	22.9
-3.461	21.3
-3.466	17.9
-3.472	14.6
-3.477	12.3
-3.482	11.1
-3.488	10.7
-3.493	11.9
-3.498	14.3
-3.504	17.5
-3.509	20.3
-3.514	21.5
-3.520	21.6
-3.525	23.2
-3.530	26.0
-3.536	29.2
-3.541	30.0
-3.546	27.6
-3.552	24.5
-3.557	22.8
-3.562	22.3
-3.568	21.3
-3.573	18.5
-3.578	15.2
-3.584	12.6
-3.589	11.1
-3.594	10.8
-3.600	12.0
-3.605	14.3
-3.610	17.1
-3.616	20.1
-3.621	21.6
-3.626	22.2
-3.632	23.8
-3.637	26.1
-3.642	28.4
-3.647	28.9
-3.653	26.5
-3.658	23.7
-3.663	22.0
-3.669	21.1
-3.674	19.6
-3.679	16.8
-3.685	13.7
-3.690	11.7
-3.695	11.0
-3.701	11.6
-3.706	13.2
-3.711	15.6
-3.717	18.5
-3.722	20.9
-3.727	22.3
-3.733	23.7
-3.738	25.2
-3.743	26.8
-3.749	27.7
-3.754	26.2
-3.759	23.5
-3.765	21.3
-3.770	19.8
-3.775	18.4
-3.781	16.1
-3.786	13.4
-3.791	11.4
-3.797	10.8
-3.802	11.6
-3.807	13.2
-3.813	15.3
-3.818	17.8
-3.823	20.2
-3.829	22.1
-3.834	23.3
-3.839	24.1
-3.844	25.1
-3.850	25.4
-3.855	24.2
-3.860	22.2
-3.866	20.1
-3.871	18.5
-3.876	16.9
-3.882	14.7
-3.887	12.4
-3.892	11.2
-3.898	11.5
-3.903	12.6
-3.908	13.8
-3.914	15.3
-3.919	17.2
-3.924	19.6
-3.930	21.7
-3.935	22.5
-3.940	22.9
-3.946	23.4
-3.951	22.9
-3.956	21.3
-3.962	19.1
-3.967	17.4
-3.972	15.8
-3.978	13.9
-3.983	12.2
-3.988	11.3
-3.994	11.6
-3.999	12.7
-4.004	14.0
-4.009	15.6
-4.015	17.9
-4.020	20.6
-4.025	22.5
-4.031	22.6
-4.036	22.2
-4.041	21.9
-4.047	20.9
-4.052	19.3
-4.057	17.5
-4.063	15.9
-4.068	14.4
-4.073	12.5
-4.079	11.0
-4.084	10.6
-4.089	11.3
-4.095	12.5
-4.100	13.9
-4.105	15.7
-4.111	18.2
-4.116	20.6
-4.121	21.7
-4.127	21.7
-4.132	21.8
-4.137	21.5
-4.143	20.0
-4.148	17.9
-4.153	15.8
-4.158	13.9
-4.164	12.3
-4.169	11.0
-4.174	10.5
-4.180	10.9
-4.185	12.0
-4.190	13.3
-4.196	15.2
-4.201	17.1
-4.206	18.7
-4.212	19.4
-4.217	19.8
-4.222	20.1
-4.228	19.6
-4.233	18.0
-4.238	16.1
-4.244	14.4
-4.249	12.7
-4.254	11.2
-4.260	10.1
-4.265	9.7
-4.270	10.1
-4.275	11.2
-4.281	12.7
-4.286	14.5
-4.291	16.0
-4.297	17.1
-4.302	18.0
-4.307	18.8
-4.313	18.4
-4.318	17.2
-4.323	15.4
-4.329	13.8
-4.334	12.2
-4.339	10.9
-4.345	9.7
-4.350	8.9
-4.355	8.7
-4.361	9.1
-4.366	10.1
-4.371	11.5
-4.377	12.3
-4.382	13.2
-4.387	14.4
-4.392	16.0
-4.398	16.3
-4.403	15.2
-4.408	13.9
-4.414	13.0
-4.419	11.9
-4.424	10.6
-4.430	9.0
-4.435	7.9
-4.440	7.4
-4.446	7.5
-4.451	8.7
-4.456	10.1
-4.462	10.9
-4.467	11.2
-4.472	12.1
-4.478	13.6
-4.483	13.5
-4.488	12.0
-4.493	10.8
-4.499	10.0
-4.504	9.3
-4.509	8.4
-4.515	7.3
-4.520	6.5
-4.525	6.0
-4.531	6.2
-4.536	7.1
-4.541	8.2
-4.547	8.4
-4.552	8.7
-4.557	9.7
-4.563	11.0
-4.568	10.8
-4.573	9.9
-4.578	9.1
-4.584	8.7
-4.589	7.9
-4.594	6.7
-4.600	5.5
-4.605	4.8
-4.610	4.6
-4.616	5.3
-4.621	6.2
-4.626	6.8
-4.632	7.0
-4.637	7.6
-4.642	8.7
-4.648	9.1
-4.653	8.5
-4.658	7.7
-4.663	7.4
-4.669	7.0
-4.674	6.2
-4.679	5.1
-4.685	4.4
-4.690	4.3
-4.695	4.4
-4.701	4.8
-4.706	5.2
-4.711	5.5
-4.717	6.1
-4.722	6.9
-4.727	6.9
-4.733	6.5
-4.738	6.1
-4.743	5.9
-4.748	5.6
-4.754	5.0
-4.759	4.4
-4.764	3.8
-4.770	3.6
-4.775	3.7
-4.780	4.0
-4.786	4.4
-4.791	4.8
-4.796	5.2
-4.802	5.5
-4.807	5.6
-4.812	5.5
-4.818	5.2
-4.823	4.8
-4.828	4.4
-4.833	4.0
-4.839	3.6
-4.844	3.2
-4.849	3.0
-4.855	3.0
-4.860	3.1
-4.865	3.2
-4.871	3.6
-4.876	3.6
-4.881	3.7
-4.887	3.7
-4.892	3.7
-4.897	3.6
-4.902	3.3
-4.908	3.1
-4.913	2.8
-4.918	2.6
-4.924	2.4
-4.929	2.2
-4.934	2.2
-4.940	2.2
-4.945	2.2
-4.950	2.2
-4.956	2.2
-4.961	2.1
-4.966	2.1
-4.971	2.0
-4.977	2.0
-4.982	2.0
-4.987	2.0
-4.993	1.8
-4.998	1.6
-5.003	1.5
-5.009	1.5
-5.014	1.3
-5.019	1.3
-5.025	1.2
-5.030	1.2
-5.035	1.2
-5.040	1.2
-5.046	1.2
-5.051	1.2
-5.056	1.2
-5.062	1.2
-5.067	1.2
-5.072	1.2
-5.078	1.0
-5.083	0.9
-5.088	0.8
-5.094	0.8
-5.099	0.8
-5.104	0.8
-5.109	0.8
-5.115	0.8
-5.120	0.8
-5.125	0.8
-5.131	0.8
-5.136	0.8
-5.141	0.8
-5.147	0.8
-5.152	0.8
-5.157	0.8
-5.162	0.7
-5.168	0.7
-5.173	0.6
-5.178	0.6
-5.184	0.5
-5.189	0.5
-5.194	0.5
-5.200	0.5
-5.205	0.5
-5.210	0.5
-5.216	0.5
-5.221	0.5
-5.226	0.4
-5.231	0.4
-5.237	0.4
-5.242	0.4
-5.247	0.4
-5.253	0.4
-5.258	0.4
-5.263	0.4
-5.269	0.4
-5.274	0.4
-5.279	0.4
-5.284	0.4
-5.290	0.4
-5.295	0.4
-5.300	0.4
-5.306	0.4
-5.311	0.4
-5.316	0.4
-5.322	0.4
-5.327	0.4
-5.332	0.4
-5.337	0.4
-5.343	0.4
-5.348	0.4
-5.353	0.4
-5.359	0.4
-5.364	0.4
-5.369	0.4
-5.375	0.4
-5.380	0.4
-5.385	0.4
-5.390	0.4
-5.396	0.4
-5.401	0.4
-5.406	0.4
-5.412	0.4
-5.417	0.4
-5.422	0.4
-5.428	0.4
-5.433	0.4
-5.438	0.4
-5.443	0.4
-5.449	0.4
-5.454	0.4
