&a / °	I1 / %
5.459	0.0
5.454	0.0
5.449	0.0
5.443	0.0
5.438	0.0
5.433	0.0
5.428	0.0
5.422	0.0
5.417	0.0
5.412	0.0
5.406	0.0
5.401	0.0
5.396	0.0
5.390	0.0
5.385	0.0
5.380	0.0
5.375	0.0
5.369	0.0
5.364	0.0
5.359	0.0
5.353	0.0
5.348	0.0
5.343	0.0
5.337	0.0
5.332	0.0
5.327	0.0
5.322	0.0
5.316	0.0
5.311	0.0
5.306	0.0
5.300	0.0
5.295	0.0
5.290	0.0
5.284	0.0
5.279	0.0
5.274	0.0
5.269	0.0
5.263	0.0
5.258	0.0
5.253	0.0
5.247	0.0
5.242	0.0
5.237	0.0
5.231	0.0
5.226	0.0
5.221	0.0
5.216	0.0
5.210	0.0
5.205	0.0
5.200	0.0
5.194	0.0
5.189	0.0
5.184	0.0
5.178	0.0
5.173	0.0
5.168	0.0
5.162	0.0
5.157	0.0
5.152	0.0
5.147	0.0
5.141	0.0
5.136	0.0
5.131	0.0
5.125	0.1
5.120	0.1
5.115	0.1
5.109	0.1
5.104	0.1
5.099	0.1
5.094	0.2
5.088	0.2
5.083	0.2
5.078	0.2
5.072	0.2
5.067	0.3
5.062	0.3
5.056	0.3
5.051	0.3
5.046	0.3
5.040	0.3
5.035	0.3
5.030	0.4
5.025	0.4
5.019	0.4
5.014	0.4
5.009	0.4
5.003	0.4
4.998	0.4
4.993	0.4
4.987	0.4
4.982	0.4
4.977	0.4
4.971	0.4
4.966	0.4
4.961	0.4
4.956	0.4
4.950	0.4
4.945	0.4
4.940	0.4
4.934	0.4
4.929	0.5
4.924	0.5
4.918	0.5
4.913	0.5
4.908	0.5
4.902	0.6
4.897	0.6
4.892	0.6
4.887	0.6
4.881	0.6
4.876	0.6
4.871	0.7
4.865	0.8
4.860	0.8
4.855	0.8
4.849	0.8
4.844	0.8
4.839	0.8
4.833	0.8
4.828	0.8
4.823	0.8
4.818	0.8
4.812	0.8
4.807	0.8
4.802	0.8
4.796	0.8
4.791	0.9
4.786	1.0
4.780	1.1
4.775	1.1
4.770	1.1
4.764	1.2
4.759	1.2
4.754	1.3
4.748	1.3
4.743	1.4
4.738	1.4
4.733	1.4
4.727	1.4
4.722	1.4
4.717	1.4
4.711	1.5
4.706	1.6
4.701	1.8
4.695	1.8
4.690	2.1
4.685	2.3
4.679	2.4
4.674	2.4
4.669	2.5
4.663	2.6
4.658	2.7
4.653	2.7
4.648	2.7
4.642	2.7
4.637	2.7
4.632	2.7
4.626	2.9
4.621	3.0
4.616	3.3
4.610	3.4
4.605	3.6
4.600	3.8
4.594	4.0
4.589	4.1
4.584	4.4
4.578	4.5
4.573	4.5
4.568	4.5
4.563	4.5
4.557	4.3
4.552	4.3
4.547	4.2
4.541	4.2
4.536	4.2
4.531	4.3
4.525	4.7
4.520	5.1
4.515	5.3
4.509	5.7
4.504	6.1
4.499	6.4
4.493	6.8
4.488	6.8
4.483	6.7
4.478	6.5
4.472	6.1
4.467	5.8
4.462	5.4
4.456	5.0
4.451	5.0
4.446	5.4
4.440	6.1
4.435	6.6
4.430	6.9
4.424	7.3
4.419	8.0
4.414	8.7
4.408	9.1
4.403	8.9
4.398	8.4
4.392	8.0
4.387	7.9
4.382	7.6
4.377	7.0
4.371	6.2
4.366	5.8
4.361	5.9
4.355	6.7
4.350	7.7
4.345	8.4
4.339	8.6
4.334	9.0
4.329	9.8
4.323	10.7
4.318	10.7
4.313	10.1
4.307	9.4
4.302	9.3
4.297	9.3
4.291	8.7
4.286	7.9
4.281	7.1
4.275	6.9
4.270	7.2
4.265	8.0
4.260	9.0
4.254	9.8
4.249	10.3
4.244	11.1
4.238	12.2
4.233	13.2
4.228	13.1
4.222	12.3
4.217	11.6
4.212	11.3
4.206	11.1
4.201	10.3
4.196	9.1
4.190	8.3
4.185	8.3
4.180	8.8
4.174	9.4
4.169	9.9
4.164	10.7
4.158	11.9
4.153	13.3
4.148	14.3
4.143	15.2
4.137	15.4
4.132	14.9
4.127	14.3
4.121	13.8
4.116	13.3
4.111	12.5
4.105	11.3
4.100	10.6
4.095	10.5
4.089	10.8
4.084	11.5
4.079	12.1
4.073	12.8
4.068	13.8
4.063	15.2
4.057	16.6
4.052	17.4
4.047	17.7
4.041	17.7
4.036	17.6
4.031	17.5
4.025	16.9
4.020	16.0
4.015	14.8
4.009	13.8
4.004	13.2
3.999	13.2
3.994	13.3
3.988	13.6
3.983	13.9
3.978	14.6
3.972	15.9
3.967	17.7
3.962	19.3
3.956	19.8
3.951	19.6
3.946	19.7
3.940	20.2
3.935	20.6
3.930	20.0
3.924	18.7
3.919	17.1
3.914	16.3
3.908	15.7
3.903	15.4
3.898	15.5
3.892	15.5
3.887	15.5
3.882	15.9
3.876	17.0
3.871	19.0
3.866	21.0
3.860	22.1
3.855	21.9
3.850	21.5
3.844	22.1
3.839	23.0
3.834	23.1
3.829	21.8
3.823	19.9
3.818	18.5
3.813	17.9
3.807	17.9
3.802	17.9
3.797	17.6
3.791	17.1
3.786	16.8
3.781	17.2
3.775	18.6
3.770	20.6
3.765	22.5
3.759	23.2
3.754	23.1
3.749	23.2
3.743	24.0
3.738	25.3
3.733	25.7
3.727	24.4
3.722	22.2
3.717	20.2
3.711	19.3
3.706	19.3
3.701	19.4
3.695	19.1
3.690	18.5
3.685	17.9
3.679	18.3
3.674	19.8
3.669	22.0
3.663	24.1
3.658	25.1
3.653	25.0
3.647	25.0
3.642	25.4
3.637	26.2
3.632	26.5
3.626	25.7
3.621	23.7
3.616	21.5
3.610	19.9
3.605	19.5
3.600	19.8
3.594	19.9
3.589	19.5
3.584	18.7
3.578	18.3
3.573	18.9
3.568	20.9
3.562	23.5
3.557	25.5
3.552	26.1
3.546	25.8
3.541	25.9
3.536	26.7
3.530	27.4
3.525	26.9
3.520	25.6
3.514	23.7
3.509	22.1
3.504	21.1
3.498	20.5
3.493	20.3
3.488	20.3
3.482	20.2
3.477	19.7
3.472	19.3
3.466	19.8
3.461	21.5
3.456	24.2
3.450	26.4
3.445	27.3
3.440	27.0
3.434	27.0
3.429	27.9
3.424	29.1
3.418	29.5
3.413	28.3
3.408	25.7
3.402	23.4
3.397	21.8
3.392	21.0
3.386	20.4
3.381	19.6
3.376	19.5
3.370	19.6
3.365	19.3
3.360	19.3
3.354	19.9
3.349	21.2
3.344	23.6
3.338	26.2
3.333	27.3
3.328	27.3
3.322	27.2
3.317	27.9
3.312	29.2
3.306	29.9
3.301	29.1
3.296	26.6
3.291	23.8
3.285	21.8
3.280	20.4
3.275	19.0
3.269	17.9
3.264	17.1
3.259	16.7
3.253	16.6
3.248	17.0
3.243	18.0
3.237	19.9
3.232	22.6
3.227	25.6
3.221	27.8
3.216	28.5
3.211	28.2
3.205	28.3
3.200	29.4
3.195	30.5
3.189	30.9
3.184	29.7
3.179	27.0
3.173	24.2
3.168	22.6
3.163	21.4
3.157	20.4
3.152	19.6
3.147	18.9
3.141	18.9
3.136	19.0
3.131	19.0
3.125	19.4
3.120	20.5
3.115	22.7
3.109	25.7
3.104	28.5
3.099	30.1
3.093	30.0
3.088	29.3
3.083	29.6
3.077	30.8
3.072	32.0
3.067	32.0
3.061	30.3
3.056	27.1
3.051	24.3
3.045	22.7
3.040	21.9
3.035	21.1
3.029	20.3
3.024	19.6
3.019	19.2
3.013	19.2
3.008	19.2
3.003	19.3
2.997	20.2
2.992	22.1
2.987	25.0
2.981	28.1
2.976	30.6
2.971	31.4
2.965	30.9
2.960	30.2
2.955	30.7
2.949	32.1
2.944	33.0
2.939	32.8
2.933	30.7
2.928	27.5
2.923	24.6
2.917	23.0
2.912	22.1
2.907	21.1
2.901	20.0
2.896	19.0
2.891	18.7
2.885	18.7
2.880	19.1
2.875	19.4
2.869	19.9
2.864	21.3
2.859	23.7
2.853	26.6
2.848	29.5
2.843	31.7
2.837	32.5
2.832	31.9
2.827	31.5
2.821	32.2
2.816	33.5
2.811	34.3
2.805	33.7
2.800	31.5
2.795	28.3
2.789	25.2
2.784	23.5
2.779	22.2
2.773	20.9
2.768	19.2
2.763	18.0
2.757	17.4
2.752	17.9
2.747	18.8
2.741	19.6
2.736	20.8
2.731	21.3
2.725	22.8
2.720	25.2
2.715	27.6
2.709	30.0
2.704	31.6
2.699	32.8
2.693	32.5
2.688	32.3
2.683	32.6
2.677	33.2
2.672	33.6
2.667	33.2
2.661	31.9
2.656	29.7
2.651	26.9
2.645	24.9
2.640	23.8
2.635	22.9
2.629	21.5
2.624	19.8
2.619	18.2
2.613	17.5
2.608	17.7
2.602	18.8
2.597	19.9
2.592	20.7
2.586	21.4
2.581	22.8
2.576	24.8
2.570	27.2
2.565	29.6
2.560	32.1
2.554	34.1
2.549	34.8
2.544	34.3
2.538	34.1
2.533	34.7
2.528	35.6
2.522	35.5
2.517	34.4
2.512	32.5
2.506	30.1
2.501	27.5
2.496	25.5
2.490	24.3
2.485	23.2
2.480	21.7
2.474	19.7
2.469	17.9
2.464	16.6
2.458	16.2
2.453	17.0
2.448	18.4
2.442	19.9
2.437	21.0
2.432	22.1
2.426	23.5
2.421	25.5
2.416	27.5
2.410	29.4
2.405	31.4
2.400	33.7
2.394	35.4
2.389	35.8
2.384	35.5
2.378	35.8
2.373	36.3
2.368	36.2
2.362	35.1
2.357	33.4
2.352	31.6
2.346	29.8
2.341	27.8
2.336	26.3
2.330	25.1
2.325	24.0
2.320	22.2
2.314	19.9
2.309	17.8
2.304	16.2
2.298	15.5
2.293	15.9
2.288	17.0
2.282	18.8
2.277	20.5
2.272	22.0
2.266	23.1
2.261	24.1
2.256	25.2
2.250	25.5
2.245	25.9
2.240	27.4
2.234	30.4
2.229	33.8
2.223	36.3
2.218	37.1
2.213	37.3
2.207	37.7
2.202	37.7
2.197	36.5
2.191	34.3
2.186	32.3
2.181	30.6
2.175	29.2
2.170	27.6
2.165	26.1
2.159	25.0
2.154	24.2
2.149	23.1
2.143	21.4
2.138	19.1
2.133	17.0
2.127	15.6
2.122	15.1
2.117	15.4
2.111	16.6
2.106	18.4
2.101	20.5
2.095	22.3
2.090	23.7
2.085	25.2
2.079	26.8
2.074	28.3
2.069	29.2
2.063	29.7
2.058	30.5
2.053	32.3
2.047	34.9
2.042	37.3
2.037	38.6
2.031	39.0
2.026	39.2
2.021	39.2
2.015	38.2
2.010	36.0
2.005	33.4
1.999	31.4
1.994	30.3
1.989	29.6
1.983	29.1
1.978	28.4
1.972	27.6
1.967	26.2
1.962	24.6
1.956	22.2
1.951	19.6
1.946	17.0
1.940	15.2
1.935	14.1
1.930	13.9
1.924	14.3
1.919	15.4
1.914	16.9
1.908	19.0
1.903	21.1
1.898	23.0
1.892	24.5
1.887	26.1
1.882	27.6
1.876	28.7
1.871	29.1
1.866	28.8
1.860	28.8
1.855	29.8
1.850	31.9
1.844	34.7
1.839	37.4
1.834	39.0
1.828	39.7
1.823	39.9
1.818	39.7
1.812	38.4
1.807	36.0
1.802	33.1
1.796	30.8
1.791	29.5
1.786	29.0
1.780	29.1
1.775	29.2
1.769	28.9
1.764	28.4
1.759	27.5
1.753	25.9
1.748	23.9
1.743	21.3
1.737	18.8
1.732	16.7
1.727	15.0
1.721	13.9
1.716	13.5
1.711	13.5
1.705	13.9
1.700	15.1
1.695	16.7
1.689	18.8
1.684	20.9
1.679	22.8
1.673	24.3
1.668	25.8
1.663	27.3
1.657	28.5
1.652	29.2
1.647	28.9
1.641	28.5
1.636	28.3
1.631	28.9
1.625	30.4
1.620	33.0
1.615	36.2
1.609	39.0
1.604	40.8
1.599	41.7
1.593	41.8
1.588	41.3
1.582	39.7
1.577	37.1
1.572	34.1
1.566	31.3
1.561	29.1
1.556	28.0
1.550	27.6
1.545	28.0
1.540	29.0
1.534	29.5
1.529	29.9
1.524	29.6
1.518	28.5
1.513	26.9
1.508	24.6
1.502	22.0
1.497	19.4
1.492	17.1
1.486	15.1
1.481	13.8
1.476	12.8
1.470	12.5
1.465	12.5
1.460	12.9
1.454	13.6
1.449	14.7
1.444	16.1
1.438	17.9
1.433	20.0
1.428	22.1
1.422	24.1
1.417	25.8
1.411	27.4
1.406	28.8
1.401	29.8
1.395	30.3
1.390	29.9
1.385	29.1
1.379	28.2
1.374	27.9
1.369	28.0
1.363	28.7
1.358	30.2
1.353	32.2
1.347	35.2
1.342	38.1
1.337	40.9
1.331	42.7
1.326	43.6
1.321	43.4
1.315	42.2
1.310	39.9
1.305	36.9
1.299	33.8
1.294	31.1
1.289	29.0
1.283	27.6
1.278	27.1
1.273	27.2
1.267	27.7
1.262	28.6
1.256	29.4
1.251	30.0
1.246	30.2
1.240	30.1
1.235	29.6
1.230	28.6
1.224	27.3
1.219	25.3
1.214	23.0
1.208	20.6
1.203	18.4
1.198	16.6
1.192	15.2
1.187	14.0
1.182	13.2
1.176	12.7
1.171	12.4
1.166	12.3
1.160	12.2
1.155	12.2
1.150	12.6
1.144	13.6
1.139	14.9
1.134	16.5
1.128	18.1
1.123	19.6
1.118	21.2
1.112	22.5
1.107	24.3
1.101	25.7
1.096	27.1
1.091	28.5
1.085	29.8
1.080	30.6
1.075	31.0
1.069	30.6
1.064	29.8
1.059	28.6
1.053	27.7
1.048	26.8
1.043	26.4
1.037	26.4
1.032	27.2
1.027	28.8
1.021	30.9
1.016	33.7
1.011	36.5
1.005	39.6
1.000	42.3
0.995	44.7
0.989	46.1
0.984	47.1
0.979	47.3
0.973	46.9
0.968	45.6
0.962	43.8
0.957	41.2
0.952	38.1
0.946	34.9
0.941	32.0
0.936	30.1
0.930	28.8
0.925	28.1
0.920	27.4
0.914	26.4
0.909	25.1
0.904	23.7
0.898	22.5
0.893	22.1
0.888	22.6
0.882	24.0
0.877	26.2
0.872	28.8
0.866	30.9
0.861	32.3
0.856	32.7
0.850	32.1
0.845	31.2
0.840	29.5
0.834	27.7
0.829	25.8
0.823	23.9
0.818	22.1
0.813	20.2
0.807	18.6
0.802	17.2
0.797	16.0
0.791	15.1
0.786	14.3
0.781	13.7
0.775	13.3
0.770	12.9
0.765	12.6
0.759	12.3
0.754	12.3
0.749	12.3
0.743	12.3
0.738	12.3
0.733	12.5
0.727	12.8
0.722	13.2
0.717	13.6
0.711	14.0
0.706	14.8
0.701	15.5
0.695	16.4
0.690	17.3
0.684	18.4
0.679	19.6
0.674	20.8
0.668	22.1
0.663	23.4
0.658	24.8
0.652	25.8
0.647	27.0
0.642	27.7
0.636	28.7
0.631	29.6
0.626	30.5
0.620	31.2
0.615	31.6
0.610	31.8
0.604	31.8
0.599	31.7
0.594	31.3
0.588	30.9
0.583	30.1
0.578	29.2
0.572	28.4
0.567	27.7
0.561	27.2
0.556	26.8
0.551	26.4
0.545	26.0
0.540	25.7
0.535	25.5
0.529	25.5
0.524	25.5
0.519	25.7
0.513	26.0
0.508	26.4
0.503	27.0
0.497	27.4
0.492	28.1
0.487	28.9
0.481	30.4
0.476	31.9
0.471	33.6
0.465	35.3
0.460	36.9
0.455	38.4
0.449	40.0
0.444	41.3
0.438	42.5
0.433	43.5
0.428	44.6
0.422	45.4
0.417	46.3
0.412	46.8
0.406	47.4
0.401	47.7
0.396	47.8
0.390	47.8
0.385	47.6
0.380	47.3
0.374	46.8
0.369	46.2
0.364	45.3
0.358	44.4
0.353	43.3
0.348	42.4
0.342	41.5
0.337	40.7
0.332	39.8
0.326	38.8
0.321	37.7
0.316	36.6
0.310	35.5
0.305	34.4
0.299	33.4
0.294	32.5
0.289	31.5
0.283	30.7
0.278	29.8
0.273	29.1
0.267	28.4
0.262	27.8
0.257	27.4
0.251	27.0
0.246	26.7
0.241	26.4
0.235	26.1
0.230	25.9
0.225	25.7
0.219	25.4
0.214	25.2
0.209	25.0
0.203	25.1
0.198	25.0
0.193	25.1
0.187	25.1
0.182	25.1
0.176	25.1
0.171	25.1
0.166	25.1
0.160	25.1
0.155	25.1
0.150	25.1
0.144	25.2
0.139	25.2
0.134	25.2
0.128	25.3
0.123	25.4
0.118	25.5
0.112	25.5
0.107	25.6
0.102	25.7
0.096	25.7
0.091	25.8
0.086	25.8
0.080	25.9
0.075	25.9
0.070	25.9
0.064	25.9
0.059	25.9
0.053	25.9
0.048	26.0
0.043	26.0
0.037	26.1
0.032	26.1
0.027	26.1
0.021	26.2
0.016	26.3
0.011	26.3
0.005	26.4
0.000	26.6
-0.005	26.5
-0.011	26.4
-0.016	26.4
-0.021	26.4
-0.027	26.5
-0.032	26.5
-0.037	26.6
-0.043	26.6
-0.048	26.6
-0.053	26.5
-0.059	26.5
-0.064	26.5
-0.070	26.5
-0.075	26.5
-0.080	26.4
-0.086	26.4
-0.091	26.3
-0.096	26.3
-0.102	25.9
-0.107	25.5
-0.112	25.2
-0.118	24.8
-0.123	25.3
-0.128	25.4
-0.134	25.8
-0.139	25.9
-0.144	25.9
-0.150	25.9
-0.155	25.9
-0.160	25.9
-0.166	25.9
-0.171	25.9
-0.176	26.0
-0.182	26.1
-0.187	26.3
-0.193	26.3
-0.198	26.5
-0.203	26.6
-0.209	26.9
-0.214	27.3
-0.219	27.8
-0.225	28.2
-0.230	28.6
-0.235	29.1
-0.241	29.6
-0.246	30.0
-0.251	30.7
-0.257	31.4
-0.262	32.2
-0.267	32.8
-0.273	33.6
-0.278	34.0
-0.283	34.8
-0.289	35.9
-0.294	37.4
-0.299	38.8
-0.305	39.7
-0.310	40.8
-0.316	41.9
-0.321	43.1
-0.326	44.0
-0.332	45.0
-0.337	45.9
-0.342	46.6
-0.348	47.3
-0.353	47.6
-0.358	47.7
-0.364	47.8
-0.369	47.8
-0.374	47.9
-0.380	47.8
-0.385	47.6
-0.390	47.1
-0.396	46.3
-0.401	45.6
-0.406	44.8
-0.412	43.6
-0.417	42.4
-0.422	41.1
-0.428	39.6
-0.433	38.3
-0.438	36.7
-0.444	35.1
-0.449	33.5
-0.455	32.1
-0.460	30.8
-0.465	29.5
-0.471	28.3
-0.476	27.4
-0.481	26.7
-0.487	25.7
-0.492	25.0
-0.497	24.3
-0.503	24.1
-0.508	24.4
-0.513	24.9
-0.519	25.7
-0.524	26.5
-0.529	27.2
-0.535	27.9
-0.540	28.5
-0.545	28.9
-0.551	29.1
-0.556	29.5
-0.561	29.9
-0.567	30.4
-0.572	30.8
-0.578	30.8
-0.583	30.7
-0.588	30.4
-0.594	30.0
-0.599	29.6
-0.604	28.8
-0.610	27.9
-0.615	26.8
-0.620	25.5
-0.626	24.4
-0.631	23.6
-0.636	22.7
-0.642	21.7
-0.647	20.5
-0.652	19.3
-0.658	18.0
-0.663	16.9
-0.668	15.8
-0.674	14.8
-0.679	14.0
-0.684	13.3
-0.690	12.8
-0.695	12.4
-0.701	12.0
-0.706	11.8
-0.711	11.7
-0.717	11.7
-0.722	11.7
-0.727	11.7
-0.733	11.8
-0.738	12.0
-0.743	12.4
-0.749	12.8
-0.754	13.2
-0.759	13.8
-0.765	14.5
-0.770	15.3
-0.775	16.2
-0.781	17.2
-0.786	18.4
-0.791	19.6
-0.797	20.9
-0.802	22.0
-0.807	22.8
-0.813	24.1
-0.818	25.6
-0.823	27.4
-0.829	28.7
-0.834	29.4
-0.840	29.7
-0.845	29.7
-0.850	29.3
-0.856	28.8
-0.861	28.2
-0.866	27.6
-0.872	26.9
-0.877	26.4
-0.882	25.9
-0.888	25.6
-0.893	25.6
-0.898	26.0
-0.904	26.7
-0.909	27.9
-0.914	29.6
-0.920	31.6
-0.925	34.2
-0.930	36.2
-0.936	38.5
-0.941	39.9
-0.946	41.2
-0.952	42.4
-0.957	43.0
-0.962	43.0
-0.968	42.1
-0.973	40.6
-0.979	38.5
-0.984	35.8
-0.989	33.0
-0.995	30.3
-1.000	28.0
-1.005	26.4
-1.011	25.4
-1.016	25.1
-1.021	25.2
-1.027	25.8
-1.032	26.7
-1.037	27.6
-1.043	28.5
-1.048	29.2
-1.053	29.5
-1.059	29.1
-1.064	28.4
-1.069	27.2
-1.075	26.0
-1.080	24.4
-1.085	22.9
-1.091	21.3
-1.096	19.5
-1.101	17.8
-1.107	16.2
-1.112	14.7
-1.118	13.6
-1.123	12.8
-1.128	12.2
-1.134	11.8
-1.139	11.7
-1.144	11.7
-1.150	11.7
-1.155	11.9
-1.160	12.3
-1.166	13.1
-1.171	14.2
-1.176	15.8
-1.182	17.7
-1.187	19.9
-1.192	22.2
-1.198	24.3
-1.203	26.2
-1.208	27.5
-1.214	28.3
-1.219	28.6
-1.224	28.5
-1.230	28.0
-1.235	27.3
-1.240	26.5
-1.246	25.9
-1.251	25.5
-1.256	25.5
-1.262	25.9
-1.267	27.2
-1.273	29.2
-1.278	32.0
-1.283	35.1
-1.289	38.3
-1.294	40.7
-1.299	42.1
-1.305	42.3
-1.310	41.5
-1.315	39.7
-1.321	36.6
-1.326	32.7
-1.331	29.2
-1.337	26.4
-1.342	24.9
-1.347	24.4
-1.353	24.8
-1.358	25.8
-1.363	27.0
-1.369	28.1
-1.374	28.7
-1.379	28.4
-1.385	27.4
-1.390	25.9
-1.395	24.3
-1.401	22.5
-1.406	20.5
-1.411	18.3
-1.417	16.3
-1.422	14.6
-1.428	13.4
-1.433	12.5
-1.438	12.1
-1.444	11.8
-1.449	11.9
-1.454	12.2
-1.460	13.0
-1.465	14.0
-1.470	15.6
-1.476	17.6
-1.481	20.0
-1.486	22.5
-1.492	24.9
-1.497	26.8
-1.502	27.8
-1.508	28.1
-1.513	27.7
-1.518	26.8
-1.524	26.4
-1.529	25.5
-1.534	25.4
-1.540	25.5
-1.545	26.8
-1.550	29.0
-1.556	32.3
-1.561	35.7
-1.566	38.8
-1.572	40.9
-1.577	41.2
-1.582	40.3
-1.588	37.5
-1.593	33.4
-1.599	29.6
-1.604	26.8
-1.609	25.2
-1.615	24.7
-1.620	24.7
-1.625	25.4
-1.631	26.7
-1.636	27.5
-1.641	27.6
-1.647	26.1
-1.652	24.0
-1.657	21.4
-1.663	18.9
-1.668	16.4
-1.673	14.6
-1.679	13.0
-1.684	12.2
-1.689	11.7
-1.695	11.6
-1.700	11.9
-1.705	12.6
-1.711	13.7
-1.716	15.3
-1.721	17.5
-1.727	20.2
-1.732	23.2
-1.737	25.8
-1.743	27.5
-1.748	28.2
-1.753	27.7
-1.759	26.3
-1.764	24.9
-1.769	23.7
-1.775	23.5
-1.780	24.6
-1.786	27.2
-1.791	31.3
-1.796	35.7
-1.802	39.3
-1.807	40.7
-1.812	39.5
-1.818	36.0
-1.823	31.3
-1.828	27.4
-1.834	25.1
-1.839	24.2
-1.844	24.7
-1.850	25.8
-1.855	27.1
-1.860	27.8
-1.866	27.3
-1.871	25.5
-1.876	22.9
-1.882	19.7
-1.887	16.8
-1.892	14.4
-1.898	12.8
-1.903	11.8
-1.908	11.4
-1.914	11.4
-1.919	11.8
-1.924	12.9
-1.930	14.5
-1.935	16.9
-1.940	19.9
-1.946	23.2
-1.951	25.8
-1.956	27.2
-1.962	27.2
-1.967	26.4
-1.972	25.3
-1.978	24.3
-1.983	24.1
-1.989	25.3
-1.994	28.5
-1.999	33.2
-2.005	38.2
-2.010	41.0
-2.015	40.1
-2.021	35.9
-2.026	30.6
-2.031	26.4
-2.037	24.0
-2.042	23.2
-2.047	23.7
-2.053	24.8
-2.058	25.9
-2.063	26.0
-2.069	24.7
-2.074	21.9
-2.079	18.6
-2.085	15.7
-2.090	13.6
-2.095	12.2
-2.101	11.4
-2.106	11.3
-2.111	11.7
-2.117	12.7
-2.122	14.3
-2.127	16.8
-2.133	20.3
-2.138	24.0
-2.143	26.8
-2.149	27.5
-2.154	26.9
-2.159	25.5
-2.165	24.1
-2.170	23.5
-2.175	24.7
-2.181	28.1
-2.186	33.7
-2.191	39.0
-2.197	41.2
-2.202	37.7
-2.207	32.0
-2.213	26.8
-2.218	24.0
-2.223	23.5
-2.229	24.3
-2.234	25.3
-2.240	25.8
-2.245	25.0
-2.250	23.3
-2.256	20.5
-2.261	17.1
-2.266	14.6
-2.272	12.8
-2.277	11.7
-2.282	11.3
-2.288	11.4
-2.293	12.2
-2.298	13.9
-2.304	16.8
-2.309	20.8
-2.314	24.8
-2.320	27.2
-2.325	27.3
-2.330	26.1
-2.336	24.2
-2.341	23.0
-2.346	23.6
-2.352	26.7
-2.357	32.5
-2.362	38.7
-2.368	40.9
-2.373	37.0
-2.378	31.2
-2.384	26.7
-2.389	24.4
-2.394	24.1
-2.400	25.2
-2.405	26.7
-2.410	27.3
-2.416	25.5
-2.421	21.7
-2.426	17.8
-2.432	14.8
-2.437	12.8
-2.442	11.7
-2.448	11.3
-2.453	11.7
-2.458	12.8
-2.464	15.1
-2.469	18.6
-2.474	23.3
-2.480	26.7
-2.485	27.2
-2.490	25.7
-2.496	23.3
-2.501	22.0
-2.506	22.7
-2.512	26.5
-2.517	33.3
-2.522	39.2
-2.528	39.1
-2.533	33.9
-2.538	28.5
-2.544	24.9
-2.549	23.7
-2.554	24.2
-2.560	25.9
-2.565	27.0
-2.570	25.7
-2.576	21.8
-2.581	17.8
-2.586	14.7
-2.592	12.7
-2.597	11.6
-2.602	11.3
-2.608	11.7
-2.613	13.1
-2.619	16.0
-2.624	20.6
-2.629	24.7
-2.635	26.6
-2.640	25.8
-2.645	23.9
-2.651	22.5
-2.656	23.2
-2.661	27.0
-2.667	34.1
-2.672	38.5
-2.677	36.3
-2.683	30.2
-2.688	24.8
-2.693	22.5
-2.699	22.2
-2.704	23.9
-2.709	25.3
-2.715	25.1
-2.720	22.0
-2.725	18.2
-2.731	15.1
-2.736	11.4
-2.741	11.0
-2.747	11.0
-2.752	11.5
-2.757	13.1
-2.763	16.2
-2.768	20.7
-2.773	24.6
-2.779	25.8
-2.784	24.7
-2.789	22.7
-2.795	21.9
-2.800	23.9
-2.805	29.5
-2.811	36.3
-2.816	37.7
-2.821	32.7
-2.827	27.3
-2.832	23.7
-2.837	22.7
-2.843	23.5
-2.848	25.2
-2.853	24.8
-2.859	21.4
-2.864	17.3
-2.869	14.1
-2.875	12.2
-2.880	11.2
-2.885	11.0
-2.891	11.9
-2.896	13.9
-2.901	18.0
-2.907	22.4
-2.912	24.8
-2.917	24.2
-2.923	22.3
-2.928	21.1
-2.933	22.5
-2.939	27.9
-2.944	34.9
-2.949	37.0
-2.955	32.7
-2.960	27.3
-2.965	24.0
-2.971	23.1
-2.976	24.2
-2.981	25.7
-2.987	24.5
-2.992	20.7
-2.997	16.6
-3.003	13.7
-3.008	11.9
-3.013	11.2
-3.019	11.5
-3.024	13.1
-3.029	16.5
-3.035	20.9
-3.040	23.7
-3.045	23.7
-3.051	21.8
-3.056	20.7
-3.061	22.2
-3.067	27.1
-3.072	33.5
-3.077	34.6
-3.083	30.1
-3.088	25.4
-3.093	22.6
-3.099	22.3
-3.104	23.7
-3.109	24.0
-3.115	21.6
-3.120	17.6
-3.125	14.2
-3.131	12.0
-3.136	11.0
-3.141	11.0
-3.147	12.1
-3.152	14.9
-3.157	19.2
-3.163	22.9
-3.168	23.7
-3.173	22.5
-3.179	21.3
-3.184	22.4
-3.189	27.0
-3.195	32.4
-3.200	33.3
-3.205	29.1
-3.211	24.5
-3.216	22.0
-3.221	22.0
-3.227	23.4
-3.232	23.3
-3.237	20.3
-3.243	16.5
-3.248	13.3
-3.253	11.5
-3.259	10.8
-3.264	11.4
-3.269	13.3
-3.275	15.9
-3.280	18.4
-3.285	18.5
-3.291	17.8
-3.296	17.1
-3.301	18.7
-3.306	23.3
-3.312	28.9
-3.317	31.1
-3.322	28.3
-3.328	24.4
-3.333	22.2
-3.338	22.2
-3.344	23.1
-3.349	22.5
-3.354	19.5
-3.360	15.9
-3.365	13.0
-3.370	11.5
-3.376	11.1
-3.381	12.4
-3.386	15.1
-3.392	19.0
-3.397	21.8
-3.402	22.1
-3.408	21.0
-3.413	21.4
-3.418	24.3
-3.424	28.3
-3.429	30.7
-3.434	29.0
-3.440	25.2
-3.445	22.5
-3.450	21.7
-3.456	22.2
-3.461	21.5
-3.466	18.9
-3.472	15.5
-3.477	13.0
-3.482	11.7
-3.488	11.7
-3.493	12.9
-3.498	15.4
-3.504	18.5
-3.509	20.5
-3.514	20.9
-3.520	20.8
-3.525	22.5
-3.530	25.5
-3.536	28.8
-3.541	29.7
-3.546	27.1
-3.552	23.7
-3.557	21.9
-3.562	21.5
-3.568	21.1
-3.573	19.2
-3.578	16.1
-3.584	13.4
-3.589	11.9
-3.594	11.8
-3.600	13.1
-3.605	15.3
-3.610	18.2
-3.616	20.5
-3.621	21.1
-3.626	21.5
-3.632	23.1
-3.637	25.5
-3.642	27.8
-3.647	28.3
-3.653	25.9
-3.658	23.0
-3.663	21.4
-3.669	20.6
-3.674	19.7
-3.679	17.6
-3.685	14.8
-3.690	12.6
-3.695	11.8
-3.701	12.5
-3.706	14.2
-3.711	16.5
-3.717	19.1
-3.722	20.8
-3.727	21.7
-3.733	23.0
-3.738	24.6
-3.743	26.2
-3.749	27.1
-3.754	25.5
-3.759	22.9
-3.765	20.8
-3.770	19.5
-3.775	18.4
-3.781	16.7
-3.786	14.3
-3.791	12.2
-3.797	11.7
-3.802	12.5
-3.807	14.1
-3.813	16.0
-3.818	18.3
-3.823	20.3
-3.829	21.7
-3.834	22.8
-3.839	23.5
-3.844	24.5
-3.850	24.8
-3.855	23.6
-3.860	21.7
-3.866	19.8
-3.871	18.3
-3.876	17.1
-3.882	15.2
-3.887	13.2
-3.892	12.1
-3.898	12.5
-3.903	13.4
-3.908	14.3
-3.914	15.6
-3.919	17.3
-3.924	19.4
-3.930	21.3
-3.935	21.9
-3.940	22.4
-3.946	22.9
-3.951	22.2
-3.956	20.9
-3.962	18.9
-3.967	17.3
-3.972	16.0
-3.978	14.4
-3.983	12.8
-3.988	12.1
-3.994	12.5
-3.999	13.3
-4.004	14.4
-4.009	15.9
-4.015	18.0
-4.020	20.5
-4.025	22.1
-4.031	22.0
-4.036	21.7
-4.041	21.4
-4.047	20.4
-4.052	19.0
-4.057	17.4
-4.063	15.9
-4.068	14.7
-4.073	13.2
-4.079	11.8
-4.084	11.6
-4.089	12.0
-4.095	13.0
-4.100	14.2
-4.105	15.9
-4.111	18.2
-4.116	20.4
-4.121	21.2
-4.127	21.1
-4.132	21.2
-4.137	21.0
-4.143	19.7
-4.148	17.7
-4.153	15.7
-4.158	14.1
-4.164	12.7
-4.169	11.6
-4.174	11.2
-4.180	11.6
-4.185	12.4
-4.190	13.6
-4.196	15.4
-4.201	17.0
-4.206	18.4
-4.212	18.8
-4.217	19.3
-4.222	19.5
-4.228	19.1
-4.233	17.6
-4.238	15.9
-4.244	14.3
-4.249	13.0
-4.254	11.6
-4.260	10.7
-4.265	10.3
-4.270	10.7
-4.275	11.6
-4.281	12.9
-4.286	14.5
-4.291	15.7
-4.297	16.6
-4.302	17.4
-4.307	18.3
-4.313	18.0
-4.318	16.8
-4.323	15.0
-4.329	13.6
-4.334	12.4
-4.339	11.2
-4.345	10.1
-4.350	9.4
-4.355	9.2
-4.361	9.6
-4.366	10.6
-4.371	11.7
-4.377	12.3
-4.382	12.9
-4.387	14.1
-4.392	15.7
-4.398	16.0
-4.403	14.9
-4.408	13.4
-4.414	12.6
-4.419	11.9
-4.424	10.7
-4.430	9.4
-4.435	8.2
-4.440	7.6
-4.446	7.9
-4.451	9.1
-4.456	10.3
-4.462	10.7
-4.467	10.8
-4.472	11.7
-4.478	13.2
-4.483	13.2
-4.488	11.8
-4.493	10.3
-4.499	9.7
-4.504	9.2
-4.509	8.5
-4.515	7.6
-4.520	6.8
-4.525	6.2
-4.531	6.6
-4.536	7.5
-4.541	8.3
-4.547	8.2
-4.552	8.4
-4.557	9.6
-4.563	10.9
-4.568	10.7
-4.573	9.6
-4.578	8.7
-4.584	8.4
-4.589	7.9
-4.594	6.9
-4.600	5.7
-4.605	5.0
-4.610	4.9
-4.616	5.7
-4.621	6.5
-4.626	6.9
-4.632	6.9
-4.637	7.5
-4.642	8.7
-4.648	9.1
-4.653	8.4
-4.658	7.6
-4.663	7.2
-4.669	7.2
-4.674	6.4
-4.679	5.3
-4.685	4.5
-4.690	4.4
-4.695	4.7
-4.701	5.1
-4.706	5.4
-4.711	5.4
-4.717	6.0
-4.722	6.8
-4.727	6.9
-4.733	6.5
-4.738	6.0
-4.743	5.8
-4.748	5.7
-4.754	5.2
-4.759	4.5
-4.764	4.0
-4.770	3.8
-4.775	3.9
-4.780	4.2
-4.786	4.6
-4.791	4.9
-4.796	5.3
-4.802	5.5
-4.807	5.7
-4.812	5.5
-4.818	5.2
-4.823	4.7
-4.828	4.4
-4.833	4.1
-4.839	3.7
-4.844	3.3
-4.849	3.1
-4.855	3.2
-4.860	3.2
-4.865	3.3
-4.871	3.6
-4.876	3.7
-4.881	3.8
-4.887	3.8
-4.892	3.8
-4.897	3.7
-4.902	3.4
-4.908	3.1
-4.913	3.0
-4.918	2.7
-4.924	2.6
-4.929	2.5
-4.934	2.5
-4.940	2.4
-4.945	2.4
-4.950	2.3
-4.956	2.3
-4.961	2.2
-4.966	2.1
-4.971	2.0
-4.977	2.0
-4.982	2.0
-4.987	1.9
-4.993	1.9
-4.998	1.8
-5.003	1.6
-5.009	1.5
-5.014	1.4
-5.019	1.4
-5.025	1.4
-5.030	1.3
-5.035	1.2
-5.040	1.2
-5.046	1.2
-5.051	1.2
-5.056	1.2
-5.062	1.2
-5.067	1.2
-5.072	1.2
-5.078	1.0
-5.083	1.0
-5.088	0.9
-5.094	0.8
-5.099	0.8
-5.104	0.8
-5.109	0.8
-5.115	0.8
-5.120	0.8
-5.125	0.8
-5.131	0.8
-5.136	0.8
-5.141	0.8
-5.147	0.8
-5.152	0.8
-5.157	0.8
-5.162	0.8
-5.168	0.8
-5.173	0.7
-5.178	0.7
-5.184	0.6
-5.189	0.6
-5.194	0.6
-5.200	0.6
-5.205	0.6
-5.210	0.6
-5.216	0.6
-5.221	0.6
-5.226	0.5
-5.231	0.5
-5.237	0.4
-5.242	0.4
-5.247	0.4
-5.253	0.4
-5.258	0.4
-5.263	0.4
-5.269	0.4
-5.274	0.4
-5.279	0.4
-5.284	0.4
-5.290	0.4
-5.295	0.4
-5.300	0.4
-5.306	0.4
-5.311	0.4
-5.316	0.4
-5.322	0.4
-5.327	0.4
-5.332	0.4
-5.337	0.4
-5.343	0.4
-5.348	0.4
-5.353	0.4
-5.359	0.4
-5.364	0.4
-5.369	0.4
-5.375	0.4
-5.380	0.4
-5.385	0.4
-5.390	0.4
-5.396	0.4
-5.401	0.4
-5.406	0.4
-5.412	0.4
-5.417	0.4
-5.422	0.4
-5.428	0.4
-5.433	0.4
-5.438	0.4
-5.443	0.4
-5.449	0.4
-5.454	0.4
