&a / 	I1 /
5.459	0.3
5.454	0.3
5.449	0.3
5.443	0.3
5.438	0.3
5.433	0.3
5.428	0.3
5.422	0.3
5.417	0.3
5.412	0.3
5.406	0.3
5.401	0.3
5.396	0.3
5.390	0.3
5.385	0.3
5.380	0.3
5.375	0.3
5.369	0.3
5.364	0.3
5.359	0.3
5.353	0.3
5.348	0.3
5.343	0.3
5.337	0.3
5.332	0.3
5.327	0.3
5.322	0.3
5.316	0.3
5.311	0.3
5.306	0.3
5.300	0.3
5.295	0.3
5.290	0.3
5.284	0.3
5.279	0.3
5.274	0.3
5.269	0.3
5.263	0.4
5.258	0.4
5.253	0.4
5.247	0.4
5.242	0.4
5.237	0.4
5.231	0.4
5.226	0.4
5.221	0.4
5.216	0.4
5.210	0.4
5.205	0.4
5.200	0.4
5.194	0.4
5.189	0.4
5.184	0.4
5.178	0.4
5.173	0.4
5.168	0.4
5.162	0.4
5.157	0.4
5.152	0.4
5.147	0.4
5.141	0.4
5.136	0.4
5.131	0.4
5.125	0.4
5.120	0.4
5.115	0.4
5.109	0.4
5.104	0.4
5.099	0.4
5.094	0.4
5.088	0.4
5.083	0.4
5.078	0.4
5.072	0.4
5.067	0.4
5.062	0.4
5.056	0.4
5.051	0.4
5.046	0.4
5.040	0.4
5.035	0.4
5.030	0.4
5.025	0.4
5.019	0.4
5.014	0.4
5.009	0.5
5.003	0.5
4.998	0.5
4.993	0.5
4.987	0.5
4.982	0.5
4.977	0.5
4.971	0.6
4.966	0.6
4.961	0.6
4.956	0.6
4.950	0.6
4.945	0.7
4.940	0.7
4.934	0.7
4.929	0.8
4.924	0.8
4.918	0.8
4.913	0.8
4.908	0.8
4.902	0.8
4.897	0.8
4.892	0.8
4.887	0.8
4.881	0.8
4.876	0.8
4.871	0.8
4.865	0.8
4.860	0.8
4.855	0.8
4.849	0.8
4.844	0.8
4.839	0.8
4.833	0.8
4.828	0.8
4.823	0.8
4.818	0.9
4.812	0.9
4.807	0.9
4.802	0.9
4.796	1.0
4.791	1.0
4.786	1.2
4.780	1.2
4.775	1.2
4.770	1.2
4.764	1.2
4.759	1.3
4.754	1.4
4.748	1.4
4.743	1.5
4.738	1.5
4.733	1.5
4.727	1.5
4.722	1.6
4.717	1.6
4.711	1.6
4.706	1.6
4.701	1.7
4.695	1.8
4.690	2.2
4.685	2.2
4.679	2.4
4.674	2.4
4.669	2.5
4.663	2.5
4.658	2.6
4.653	2.7
4.648	2.7
4.642	2.7
4.637	2.8
4.632	2.8
4.626	2.8
4.621	2.8
4.616	3.1
4.610	3.3
4.605	3.6
4.600	3.6
4.594	3.9
4.589	4.0
4.584	4.1
4.578	4.2
4.573	4.2
4.568	4.2
4.563	4.2
4.557	4.2
4.552	4.2
4.547	4.1
4.541	4.0
4.536	4.0
4.531	4.1
4.525	4.4
4.520	4.8
4.515	4.8
4.509	5.2
4.504	5.6
4.499	6.0
4.493	6.4
4.488	6.4
4.483	6.2
4.478	6.1
4.472	6.0
4.467	5.8
4.462	5.5
4.456	5.1
4.451	4.9
4.446	5.3
4.440	5.8
4.435	6.2
4.430	6.4
4.424	6.6
4.419	7.1
4.414	7.9
4.408	8.5
4.403	8.4
4.398	7.8
4.392	7.4
4.387	7.4
4.382	7.4
4.377	7.0
4.371	6.3
4.366	5.8
4.361	5.9
4.355	6.5
4.350	7.3
4.345	7.7
4.339	7.9
4.334	8.2
4.329	9.0
4.323	9.9
4.318	10.2
4.313	9.8
4.307	9.0
4.302	8.6
4.297	8.8
4.291	8.7
4.286	8.0
4.281	7.2
4.275	6.8
4.270	7.0
4.265	7.7
4.260	8.5
4.254	9.1
4.249	9.6
4.244	10.1
4.238	11.1
4.233	12.2
4.228	12.3
4.222	11.5
4.217	10.9
4.212	10.6
4.206	10.6
4.201	10.2
4.196	9.2
4.190	8.4
4.185	8.3
4.180	8.7
4.174	9.1
4.169	9.5
4.164	9.9
4.158	11.0
4.153	12.2
4.148	13.1
4.143	14.0
4.137	14.3
4.132	13.9
4.127	13.3
4.121	12.9
4.116	12.6
4.111	12.1
4.105	11.2
4.100	10.5
4.095	10.3
4.089	10.4
4.084	10.9
4.079	11.3
4.073	11.8
4.068	12.6
4.063	13.9
4.057	15.3
4.052	16.1
4.047	16.4
4.041	16.4
4.036	16.4
4.031	16.4
4.025	16.1
4.020	15.4
4.015	14.4
4.009	13.5
4.004	13.0
3.999	12.9
3.994	12.9
3.988	13.1
3.983	13.1
3.978	13.6
3.972	14.8
3.967	16.4
3.962	17.9
3.956	18.5
3.951	18.2
3.946	18.2
3.940	18.7
3.935	19.2
3.930	19.1
3.924	18.3
3.919	16.8
3.914	15.9
3.908	15.3
3.903	15.2
3.898	15.2
3.892	15.2
3.887	15.0
3.882	15.1
3.876	15.9
3.871	17.7
3.866	19.6
3.860	20.7
3.855	20.4
3.850	19.9
3.844	20.3
3.839	21.3
3.834	22.0
3.829	21.5
3.823	19.9
3.818	18.3
3.813	17.5
3.807	17.3
3.802	17.5
3.797	17.3
3.791	16.8
3.786	16.4
3.781	16.4
3.775	17.5
3.770	19.3
3.765	21.0
3.759	21.8
3.754	21.7
3.749	21.6
3.743	22.1
3.738	23.3
3.733	24.4
3.727	23.9
3.722	22.0
3.717	19.9
3.711	18.6
3.706	18.5
3.701	18.9
3.695	18.9
3.690	18.2
3.685	17.4
3.679	17.4
3.674	18.6
3.669	20.6
3.663	22.5
3.658	23.4
3.653	23.3
3.647	23.2
3.642	23.4
3.637	24.2
3.632	24.9
3.626	24.9
3.621	23.3
3.616	21.1
3.610	19.5
3.605	19.0
3.600	19.2
3.594	19.5
3.589	19.2
3.584	18.2
3.578	17.5
3.573	17.9
3.568	19.6
3.562	21.9
3.557	23.8
3.552	24.3
3.546	23.9
3.541	23.8
3.536	24.4
3.530	25.4
3.525	25.6
3.520	24.8
3.514	23.3
3.509	21.7
3.504	20.5
3.498	20.1
3.493	20.0
3.488	20.0
3.482	19.8
3.477	19.1
3.472	18.6
3.466	18.9
3.461	20.4
3.456	22.6
3.450	24.7
3.445	25.4
3.440	25.1
3.434	24.9
3.429	25.5
3.424	26.8
3.418	27.8
3.413	27.4
3.408	25.3
3.402	22.9
3.397	21.0
3.392	20.2
3.386	19.9
3.381	19.5
3.376	19.4
3.370	19.4
3.365	18.7
3.360	18.4
3.354	18.9
3.349	20.1
3.344	22.2
3.338	24.5
3.333	25.5
3.328	25.5
3.322	25.2
3.317	25.6
3.312	26.9
3.306	28.1
3.301	28.1
3.296	26.3
3.291	23.4
3.285	21.2
3.280	19.8
3.275	18.7
3.269	17.9
3.264	17.3
3.259	16.9
3.253	16.5
3.248	16.5
3.243	17.3
3.237	18.9
3.232	21.3
3.227	24.1
3.221	26.1
3.216	26.7
3.211	26.4
3.205	26.3
3.200	27.1
3.195	28.4
3.189	29.2
3.184	28.8
3.179	26.8
3.173	23.9
3.168	21.9
3.163	20.7
3.157	20.0
3.152	19.6
3.147	19.2
3.141	19.1
3.136	18.9
3.131	18.5
3.125	18.6
3.120	19.5
3.115	21.5
3.109	24.1
3.104	26.7
3.099	28.2
3.093	28.2
3.088	27.4
3.083	27.5
3.077	28.6
3.072	29.9
3.067	30.5
3.061	29.6
3.056	27.0
3.051	24.0
3.045	22.0
3.040	21.2
3.035	20.8
3.029	20.4
3.024	20.0
3.019	19.6
3.013	19.2
3.008	18.8
3.003	18.6
2.997	19.3
2.992	21.0
2.987	23.5
2.981	26.3
2.976	28.6
2.971	29.4
2.965	28.9
2.960	28.1
2.955	28.4
2.949	29.6
2.944	30.8
2.939	31.2
2.933	30.0
2.928	27.1
2.923	24.0
2.917	22.0
2.912	21.2
2.907	20.7
2.901	20.1
2.896	19.5
2.891	19.1
2.885	18.9
2.880	18.8
2.875	18.6
2.869	19.0
2.864	20.2
2.859	22.3
2.853	24.8
2.848	27.4
2.843	29.4
2.837	30.2
2.832	29.7
2.827	29.2
2.821	29.6
2.816	30.9
2.811	32.0
2.805	31.9
2.800	30.3
2.795	27.6
2.789	24.6
2.784	22.4
2.779	21.2
2.773	20.3
2.768	19.1
2.763	18.3
2.757	17.8
2.752	18.1
2.747	18.5
2.741	18.9
2.736	19.4
2.731	19.9
2.725	21.4
2.720	23.5
2.715	25.5
2.709	27.5
2.704	29.1
2.699	30.3
2.693	30.1
2.688	29.8
2.683	29.9
2.677	30.6
2.672	31.2
2.667	31.1
2.661	30.2
2.656	28.5
2.651	26.1
2.645	23.9
2.640	22.7
2.635	22.1
2.629	21.3
2.624	20.1
2.619	18.8
2.613	18.1
2.608	18.1
2.602	18.6
2.597	19.1
2.592	19.5
2.586	20.1
2.581	21.5
2.576	23.3
2.570	25.4
2.565	27.4
2.560	29.4
2.554	31.3
2.549	32.2
2.544	31.7
2.538	31.5
2.533	32.1
2.528	33.2
2.522	33.3
2.517	32.4
2.512	30.7
2.506	28.7
2.501	26.6
2.496	24.6
2.490	23.4
2.485	22.6
2.480	21.6
2.474	20.3
2.469	18.7
2.464	17.5
2.458	17.0
2.453	17.4
2.448	18.3
2.442	19.2
2.437	19.9
2.432	20.9
2.426	22.3
2.421	24.2
2.416	25.7
2.410	27.2
2.405	28.8
2.400	30.9
2.394	32.6
2.389	33.2
2.384	33.1
2.378	33.4
2.373	34.1
2.368	34.3
2.362	33.4
2.357	31.6
2.352	29.8
2.346	28.2
2.341	26.7
2.336	25.2
2.330	24.1
2.325	23.4
2.320	22.4
2.314	20.7
2.309	18.8
2.304	17.2
2.298	16.4
2.293	16.6
2.288	17.5
2.282	18.8
2.277	20.0
2.272	21.0
2.266	22.0
2.261	23.1
2.256	24.1
2.250	24.0
2.245	24.0
2.240	25.2
2.234	27.9
2.229	31.2
2.223	33.7
2.218	34.7
2.213	35.0
2.207	35.5
2.202	35.8
2.197	35.0
2.191	32.8
2.186	30.6
2.181	28.6
2.175	27.4
2.170	26.1
2.165	24.8
2.159	24.0
2.154	23.6
2.149	23.2
2.143	22.2
2.138	20.2
2.133	18.2
2.127	16.6
2.122	15.8
2.117	16.0
2.111	17.0
2.106	18.6
2.101	20.2
2.095	21.5
2.090	22.7
2.085	24.2
2.079	25.7
2.074	26.9
2.069	27.2
2.063	27.4
2.058	28.0
2.053	29.6
2.047	32.1
2.042	34.5
2.037	36.0
2.031	36.5
2.026	37.0
2.021	37.3
2.015	36.6
2.010	34.6
2.005	31.9
1.999	29.5
1.994	28.0
1.989	27.3
1.983	27.1
1.978	26.8
1.972	26.3
1.967	25.5
1.962	24.4
1.956	22.8
1.951	20.6
1.946	18.1
1.940	16.1
1.935	14.8
1.930	14.4
1.924	14.7
1.919	15.8
1.914	17.3
1.908	19.1
1.903	20.7
1.898	22.1
1.892	23.5
1.887	25.1
1.882	26.4
1.876	27.2
1.871	26.9
1.866	26.4
1.860	26.2
1.855	27.1
1.850	29.1
1.844	31.9
1.839	34.7
1.834	36.4
1.828	37.3
1.823	37.8
1.818	37.9
1.812	36.9
1.807	34.5
1.802	31.6
1.796	28.8
1.791	27.1
1.786	26.4
1.780	26.4
1.775	26.8
1.769	27.0
1.764	26.9
1.759	26.5
1.753	25.6
1.748	24.4
1.743	22.3
1.737	19.9
1.732	17.7
1.727	15.7
1.721	14.5
1.716	13.7
1.711	13.7
1.705	14.2
1.700	15.4
1.695	17.1
1.689	19.0
1.684	20.7
1.679	22.2
1.673	23.4
1.668	24.8
1.663	26.1
1.657	27.0
1.652	27.1
1.647	26.5
1.641	25.9
1.636	25.6
1.631	26.1
1.625	27.7
1.620	30.4
1.615	33.5
1.609	36.3
1.604	38.3
1.599	39.3
1.593	39.7
1.588	39.5
1.582	38.2
1.577	35.8
1.572	32.6
1.566	29.5
1.561	27.0
1.556	25.7
1.550	25.0
1.545	25.2
1.540	26.3
1.534	27.0
1.529	28.0
1.524	28.2
1.518	27.8
1.513	26.7
1.508	25.1
1.502	23.0
1.497	20.6
1.492	18.2
1.486	16.0
1.481	14.4
1.476	13.2
1.470	12.8
1.465	12.8
1.460	13.2
1.454	14.0
1.449	15.2
1.444	16.7
1.438	18.4
1.433	20.2
1.428	22.0
1.422	23.6
1.417	25.0
1.411	26.6
1.406	27.7
1.401	28.3
1.395	28.2
1.390	27.4
1.385	26.2
1.379	25.4
1.374	25.1
1.369	25.4
1.363	26.2
1.358	27.7
1.353	29.8
1.347	32.7
1.342	35.6
1.337	38.4
1.331	40.2
1.326	41.3
1.321	41.3
1.315	40.5
1.310	38.2
1.305	35.3
1.299	32.1
1.294	29.3
1.289	26.9
1.283	25.3
1.278	24.5
1.273	24.4
1.267	24.8
1.262	25.6
1.256	26.4
1.251	27.2
1.246	27.9
1.240	28.3
1.235	28.3
1.230	28.0
1.224	27.3
1.219	25.8
1.214	24.0
1.208	21.8
1.203	19.7
1.198	17.7
1.192	16.1
1.187	14.7
1.182	13.8
1.176	13.0
1.171	12.6
1.166	12.5
1.160	12.4
1.155	12.6
1.150	13.0
1.144	14.2
1.139	15.7
1.134	17.5
1.128	19.1
1.123	20.4
1.118	21.7
1.112	22.6
1.107	24.1
1.101	25.2
1.096	26.5
1.091	27.6
1.085	28.4
1.080	28.7
1.075	28.5
1.069	27.8
1.064	26.6
1.059	25.5
1.053	24.7
1.048	24.0
1.043	23.7
1.037	24.1
1.032	25.0
1.027	26.6
1.021	28.7
1.016	31.4
1.011	34.3
1.005	37.3
1.000	39.9
0.995	42.3
0.989	43.8
0.984	44.8
0.979	45.0
0.973	44.7
0.968	43.5
0.962	41.7
0.957	39.2
0.952	36.2
0.946	33.0
0.941	30.1
0.936	28.0
0.930	26.5
0.925	25.7
0.920	24.9
0.914	23.9
0.909	22.6
0.904	21.2
0.898	20.0
0.893	19.7
0.888	20.1
0.882	21.4
0.877	23.6
0.872	26.3
0.866	28.5
0.861	30.4
0.856	31.2
0.850	31.2
0.845	30.8
0.840	29.6
0.834	28.4
0.829	26.9
0.823	25.3
0.818	23.7
0.813	21.8
0.807	20.0
0.802	18.4
0.797	17.0
0.791	15.9
0.786	15.0
0.781	14.2
0.775	13.7
0.770	13.3
0.765	12.9
0.759	12.5
0.754	12.5
0.749	12.4
0.743	12.4
0.738	12.5
0.733	12.8
0.727	13.1
0.722	13.6
0.717	14.1
0.711	14.9
0.706	15.7
0.701	16.6
0.695	17.6
0.690	18.7
0.684	19.8
0.679	21.0
0.674	22.1
0.668	23.2
0.663	24.2
0.658	25.4
0.652	26.2
0.647	27.0
0.642	27.7
0.636	28.5
0.631	29.1
0.626	29.7
0.620	30.1
0.615	30.1
0.610	29.9
0.604	29.5
0.599	29.1
0.594	28.3
0.588	27.6
0.583	26.5
0.578	25.7
0.572	24.8
0.567	24.1
0.561	23.7
0.556	23.3
0.551	23.2
0.545	22.9
0.540	22.8
0.535	22.7
0.529	22.8
0.524	22.9
0.519	23.2
0.513	23.4
0.508	24.1
0.503	24.8
0.497	25.2
0.492	26.1
0.487	26.9
0.481	28.5
0.476	30.0
0.471	31.7
0.465	33.5
0.460	35.0
0.455	36.6
0.449	38.1
0.444	39.3
0.438	40.5
0.433	41.5
0.428	42.4
0.422	43.1
0.417	44.0
0.412	44.6
0.406	45.1
0.401	45.4
0.396	45.5
0.390	45.5
0.385	45.4
0.380	45.1
0.374	44.5
0.369	43.9
0.364	43.0
0.358	42.1
0.353	41.0
0.348	40.1
0.342	39.2
0.337	38.3
0.332	37.3
0.326	36.4
0.321	35.2
0.316	34.1
0.310	33.0
0.305	32.0
0.299	31.0
0.294	30.1
0.289	29.2
0.283	28.3
0.278	27.5
0.273	26.7
0.267	26.0
0.262	25.5
0.257	25.0
0.251	24.6
0.246	24.3
0.241	24.0
0.235	23.7
0.230	23.5
0.225	23.3
0.219	23.1
0.214	23.0
0.209	22.8
0.203	22.8
0.198	22.7
0.193	22.7
0.187	22.8
0.182	22.7
0.176	22.8
0.171	22.7
0.166	22.7
0.160	22.7
0.155	22.7
0.150	22.7
0.144	22.7
0.139	22.8
0.134	22.8
0.128	22.8
0.123	22.9
0.118	22.9
0.112	23.0
0.107	23.0
0.102	23.1
0.096	23.1
0.091	23.1
0.086	23.2
0.080	23.2
0.075	23.3
0.070	23.3
0.064	23.3
0.059	23.3
0.053	23.3
0.048	23.3
0.043	23.3
0.037	23.4
0.032	23.4
0.027	23.4
0.021	23.4
0.016	23.5
0.011	23.5
0.005	23.6
0.000	23.8
-0.005	23.8
-0.011	23.6
-0.016	23.7
-0.021	23.7
-0.027	23.7
-0.032	23.8
-0.037	23.8
-0.043	23.8
-0.048	23.8
-0.053	23.7
-0.059	23.7
-0.064	23.7
-0.070	23.7
-0.075	23.6
-0.080	23.6
-0.086	23.6
-0.091	23.5
-0.096	23.5
-0.102	23.2
-0.107	22.8
-0.112	22.6
-0.118	22.2
-0.123	22.6
-0.128	22.7
-0.134	23.0
-0.139	23.1
-0.144	23.1
-0.150	23.1
-0.155	23.1
-0.160	23.1
-0.166	23.1
-0.171	23.1
-0.176	23.2
-0.182	23.3
-0.187	23.4
-0.193	23.4
-0.198	23.5
-0.203	23.6
-0.209	23.9
-0.214	24.3
-0.219	24.8
-0.225	25.2
-0.230	25.6
-0.235	26.0
-0.241	26.4
-0.246	26.8
-0.251	27.5
-0.257	28.2
-0.262	29.0
-0.267	29.5
-0.273	30.2
-0.278	30.7
-0.283	31.4
-0.289	32.5
-0.294	33.9
-0.299	35.3
-0.305	36.2
-0.310	37.4
-0.316	38.5
-0.321	39.6
-0.326	40.6
-0.332	41.6
-0.337	42.6
-0.342	43.4
-0.348	44.2
-0.353	44.5
-0.358	44.8
-0.364	45.0
-0.369	45.0
-0.374	45.1
-0.380	45.1
-0.385	45.0
-0.390	44.5
-0.396	43.9
-0.401	43.3
-0.406	42.6
-0.412	41.8
-0.417	40.6
-0.422	39.4
-0.428	38.1
-0.433	36.9
-0.438	35.3
-0.444	33.8
-0.449	32.2
-0.455	30.8
-0.460	29.3
-0.465	27.8
-0.471	26.6
-0.476	25.5
-0.481	24.6
-0.487	23.5
-0.492	22.7
-0.497	21.9
-0.503	21.5
-0.508	21.5
-0.513	21.9
-0.519	22.3
-0.524	22.8
-0.529	23.4
-0.535	23.9
-0.540	24.3
-0.545	24.7
-0.551	25.1
-0.556	25.6
-0.561	26.2
-0.567	27.0
-0.572	27.7
-0.578	28.2
-0.583	28.6
-0.588	28.9
-0.594	28.9
-0.599	28.9
-0.604	28.4
-0.610	27.7
-0.615	26.8
-0.620	25.7
-0.626	24.7
-0.631	24.2
-0.636	23.5
-0.642	22.8
-0.647	22.0
-0.652	21.0
-0.658	19.8
-0.663	18.6
-0.668	17.5
-0.674	16.3
-0.679	15.4
-0.684	14.5
-0.690	13.8
-0.695	13.1
-0.701	12.7
-0.706	12.3
-0.711	12.1
-0.717	11.9
-0.722	11.9
-0.727	11.9
-0.733	12.0
-0.738	12.1
-0.743	12.5
-0.749	12.9
-0.754	13.3
-0.759	14.0
-0.765	14.8
-0.770	15.6
-0.775	16.6
-0.781	17.7
-0.786	18.9
-0.791	20.1
-0.797	21.3
-0.802	22.2
-0.807	22.9
-0.813	23.9
-0.818	25.1
-0.823	26.4
-0.829	27.4
-0.834	27.9
-0.840	27.9
-0.845	27.5
-0.850	27.1
-0.856	26.3
-0.861	25.7
-0.866	25.1
-0.872	24.4
-0.877	23.9
-0.882	23.5
-0.888	23.2
-0.893	23.2
-0.898	23.3
-0.904	24.0
-0.909	25.1
-0.914	26.6
-0.920	28.5
-0.925	31.0
-0.930	33.0
-0.936	35.6
-0.941	37.2
-0.946	38.8
-0.952	40.1
-0.957	40.9
-0.962	41.1
-0.968	40.5
-0.973	39.3
-0.979	37.5
-0.984	35.1
-0.989	32.3
-0.995	29.5
-1.000	27.0
-1.005	25.0
-1.011	23.5
-1.016	22.8
-1.021	22.6
-1.027	22.7
-1.032	23.3
-1.037	24.1
-1.043	25.1
-1.048	26.1
-1.053	26.9
-1.059	27.4
-1.064	27.4
-1.069	26.9
-1.075	25.9
-1.080	24.7
-1.085	23.5
-1.091	22.3
-1.096	20.9
-1.101	19.5
-1.107	17.9
-1.112	16.3
-1.118	14.9
-1.123	13.7
-1.128	12.9
-1.134	12.2
-1.139	11.8
-1.144	11.6
-1.150	11.7
-1.155	11.8
-1.160	12.2
-1.166	13.0
-1.171	14.1
-1.176	15.7
-1.182	17.6
-1.187	19.8
-1.192	21.8
-1.198	23.7
-1.203	25.2
-1.208	26.1
-1.214	26.6
-1.219	26.6
-1.224	26.2
-1.230	25.6
-1.235	24.8
-1.240	24.0
-1.246	23.5
-1.251	23.0
-1.256	22.9
-1.262	23.2
-1.267	24.2
-1.273	26.0
-1.278	28.6
-1.283	31.7
-1.289	34.9
-1.294	37.7
-1.299	39.5
-1.305	40.1
-1.310	39.7
-1.315	38.2
-1.321	35.7
-1.326	32.0
-1.331	28.4
-1.337	25.2
-1.342	23.2
-1.347	22.1
-1.353	22.1
-1.358	22.6
-1.363	23.6
-1.369	24.8
-1.374	25.9
-1.379	26.3
-1.385	26.3
-1.390	25.5
-1.395	24.4
-1.401	23.1
-1.406	21.7
-1.411	19.9
-1.417	17.9
-1.422	15.9
-1.428	14.3
-1.433	13.1
-1.438	12.3
-1.444	11.8
-1.449	11.8
-1.454	12.1
-1.460	12.8
-1.465	13.7
-1.470	15.3
-1.476	17.3
-1.481	19.7
-1.486	21.9
-1.492	24.0
-1.497	25.5
-1.502	26.0
-1.508	26.0
-1.513	25.4
-1.518	24.4
-1.524	23.8
-1.529	23.0
-1.534	22.7
-1.540	22.8
-1.545	23.8
-1.550	25.6
-1.556	28.8
-1.561	32.2
-1.566	35.5
-1.572	38.0
-1.577	39.0
-1.582	38.6
-1.588	36.4
-1.593	32.7
-1.599	28.7
-1.604	25.4
-1.609	23.0
-1.615	22.0
-1.620	21.7
-1.625	22.2
-1.631	23.5
-1.636	24.8
-1.641	26.0
-1.647	25.6
-1.652	24.3
-1.657	22.3
-1.663	20.3
-1.668	18.0
-1.673	16.0
-1.679	14.1
-1.684	12.8
-1.689	11.9
-1.695	11.6
-1.700	11.8
-1.705	12.4
-1.711	13.5
-1.716	15.1
-1.721	17.2
-1.727	19.8
-1.732	22.6
-1.737	24.7
-1.743	25.9
-1.748	26.2
-1.753	25.5
-1.759	24.0
-1.764	22.6
-1.769	21.4
-1.775	21.0
-1.780	21.8
-1.786	23.9
-1.791	27.7
-1.796	32.0
-1.802	36.2
-1.807	38.5
-1.812	38.2
-1.818	35.4
-1.823	30.9
-1.828	26.5
-1.834	23.6
-1.839	21.9
-1.844	21.8
-1.850	22.5
-1.855	23.9
-1.860	25.2
-1.866	25.9
-1.871	25.4
-1.876	23.8
-1.882	21.4
-1.887	18.6
-1.892	15.9
-1.898	13.8
-1.903	12.2
-1.908	11.4
-1.914	11.2
-1.919	11.6
-1.924	12.5
-1.930	14.2
-1.935	16.5
-1.940	19.4
-1.946	22.3
-1.951	24.5
-1.956	25.3
-1.962	25.0
-1.967	24.2
-1.972	23.1
-1.978	21.9
-1.983	21.5
-1.989	22.3
-1.994	25.0
-1.999	29.3
-2.005	34.5
-2.010	38.3
-2.015	38.8
-2.021	35.5
-2.026	30.3
-2.031	25.5
-2.037	22.4
-2.042	20.9
-2.047	20.9
-2.053	21.7
-2.058	23.2
-2.063	24.1
-2.069	24.3
-2.074	22.8
-2.079	20.4
-2.085	17.5
-2.090	14.9
-2.095	12.9
-2.101	11.8
-2.106	11.3
-2.111	11.7
-2.117	12.5
-2.122	14.1
-2.127	16.5
-2.133	19.7
-2.138	23.0
-2.143	25.2
-2.149	25.5
-2.154	24.7
-2.159	23.4
-2.165	21.9
-2.170	21.1
-2.175	21.8
-2.181	24.5
-2.186	29.5
-2.191	35.1
-2.197	38.7
-2.202	37.0
-2.207	31.8
-2.213	26.3
-2.218	22.8
-2.223	21.4
-2.229	21.4
-2.234	22.2
-2.240	23.0
-2.245	23.4
-2.250	23.3
-2.256	21.9
-2.261	19.1
-2.266	16.2
-2.272	13.8
-2.277	12.2
-2.282	11.4
-2.288	11.3
-2.293	12.0
-2.298	13.6
-2.304	16.3
-2.309	20.0
-2.314	23.6
-2.320	25.3
-2.325	25.2
-2.330	24.0
-2.336	22.1
-2.341	20.7
-2.346	20.8
-2.352	23.1
-2.357	28.2
-2.362	34.7
-2.368	38.8
-2.373	36.7
-2.378	31.1
-2.384	25.9
-2.389	22.7
-2.394	21.6
-2.400	22.0
-2.405	23.2
-2.410	24.7
-2.416	25.1
-2.421	23.1
-2.426	19.6
-2.432	16.2
-2.437	13.5
-2.442	12.0
-2.448	11.3
-2.453	11.5
-2.458	12.4
-2.464	14.6
-2.469	18.0
-2.474	22.1
-2.480	25.0
-2.485	25.2
-2.490	23.6
-2.496	21.3
-2.501	19.7
-2.506	19.9
-2.512	22.7
-2.517	28.7
-2.522	35.5
-2.528	37.8
-2.533	33.8
-2.538	28.1
-2.544	23.7
-2.549	21.6
-2.554	21.2
-2.560	22.3
-2.565	23.9
-2.570	25.0
-2.576	23.2
-2.581	19.6
-2.586	16.0
-2.592	13.4
-2.597	11.9
-2.602	11.2
-2.608	11.4
-2.613	12.7
-2.619	15.4
-2.624	19.7
-2.629	23.3
-2.635	24.7
-2.640	23.9
-2.645	21.9
-2.651	20.3
-2.656	20.3
-2.661	23.1
-2.667	29.4
-2.672	35.1
-2.677	35.3
-2.683	30.1
-2.688	24.4
-2.693	21.3
-2.699	20.0
-2.704	20.9
-2.709	22.1
-2.715	23.5
-2.720	22.8
-2.725	19.9
-2.731	16.4
-2.736	12.1
-2.741	11.3
-2.747	10.9
-2.752	11.3
-2.757	12.6
-2.763	15.5
-2.768	19.7
-2.773	23.1
-2.779	24.1
-2.784	22.9
-2.789	20.9
-2.795	19.7
-2.800	20.8
-2.805	25.2
-2.811	32.3
-2.816	36.2
-2.821	32.9
-2.827	27.2
-2.832	22.8
-2.837	20.8
-2.843	20.6
-2.848	21.8
-2.853	23.3
-2.859	22.5
-2.864	19.1
-2.869	15.6
-2.875	13.0
-2.880	11.5
-2.885	11.0
-2.891	11.6
-2.896	13.5
-2.901	17.2
-2.907	21.2
-2.912	23.3
-2.917	22.6
-2.923	20.6
-2.928	19.2
-2.933	19.6
-2.939	23.7
-2.944	30.9
-2.949	35.4
-2.955	32.8
-2.960	27.2
-2.965	23.0
-2.971	21.0
-2.976	21.1
-2.981	22.5
-2.987	23.8
-2.992	22.1
-2.997	18.3
-3.003	14.8
-3.008	12.5
-3.013	11.3
-3.019	11.3
-3.024	12.5
-3.029	15.7
-3.035	19.7
-3.040	22.2
-3.045	22.2
-3.051	20.2
-3.056	18.8
-3.061	19.4
-3.067	23.0
-3.072	29.5
-3.077	32.9
-3.083	30.0
-3.088	25.2
-3.093	21.6
-3.099	20.1
-3.104	20.5
-3.109	21.7
-3.115	21.7
-3.120	19.1
-3.125	15.5
-3.131	12.8
-3.136	11.3
-3.141	10.9
-3.147	11.7
-3.152	14.1
-3.157	18.0
-3.163	21.3
-3.168	22.1
-3.173	20.8
-3.179	19.4
-3.184	19.6
-3.189	23.0
-3.195	28.6
-3.200	31.7
-3.205	28.8
-3.211	24.1
-3.216	20.6
-3.221	19.5
-3.227	20.2
-3.232	21.6
-3.237	20.8
-3.243	17.7
-3.248	14.2
-3.253	11.9
-3.259	10.9
-3.264	11.1
-3.269	12.6
-3.275	14.9
-3.280	17.2
-3.285	17.3
-3.291	16.4
-3.296	15.5
-3.301	16.4
-3.306	19.9
-3.312	25.4
-3.317	29.1
-3.322	27.8
-3.328	23.8
-3.333	20.7
-3.338	19.6
-3.344	20.3
-3.349	21.2
-3.354	20.0
-3.360	16.9
-3.365	13.7
-3.370	11.7
-3.376	11.0
-3.381	11.8
-3.386	14.2
-3.392	17.7
-3.397	20.3
-3.402	20.5
-3.408	19.2
-3.413	19.0
-3.418	21.0
-3.424	24.8
-3.429	28.2
-3.434	28.1
-3.440	24.7
-3.445	21.4
-3.450	19.7
-3.456	19.7
-3.461	20.2
-3.466	19.3
-3.472	16.6
-3.477	13.8
-3.482	12.1
-3.488	11.5
-3.493	12.4
-3.498	14.5
-3.504	17.3
-3.509	19.1
-3.514	19.4
-3.520	18.9
-3.525	19.9
-3.530	22.5
-3.536	25.8
-3.541	27.9
-3.546	26.6
-3.552	23.2
-3.557	20.5
-3.562	19.6
-3.568	19.6
-3.573	19.2
-3.578	17.2
-3.584	14.4
-3.589	12.4
-3.594	11.9
-3.600	12.7
-3.605	14.5
-3.610	16.9
-3.616	19.0
-3.621	19.5
-3.626	19.5
-3.632	20.7
-3.637	22.8
-3.642	25.2
-3.647	26.9
-3.653	25.4
-3.658	22.3
-3.663	20.0
-3.669	19.0
-3.674	18.6
-3.679	17.8
-3.685	15.7
-3.690	13.3
-3.695	12.0
-3.701	12.3
-3.706	13.5
-3.711	15.4
-3.717	17.7
-3.722	19.3
-3.727	19.8
-3.733	20.8
-3.738	22.2
-3.743	23.7
-3.749	25.2
-3.754	24.7
-3.759	22.3
-3.765	19.9
-3.770	18.4
-3.775	17.5
-3.781	16.7
-3.786	15.0
-3.791	12.9
-3.797	11.8
-3.802	12.2
-3.807	13.3
-3.813	14.9
-3.818	16.9
-3.823	18.5
-3.829	19.6
-3.834	20.7
-3.839	21.4
-3.844	22.2
-3.850	23.1
-3.855	22.5
-3.860	20.8
-3.866	18.9
-3.871	17.4
-3.876	16.5
-3.882	15.4
-3.887	13.8
-3.892	12.6
-3.898	12.4
-3.903	12.8
-3.908	13.3
-3.914	14.5
-3.919	15.8
-3.924	17.4
-3.930	19.1
-3.935	19.9
-3.940	20.2
-3.946	21.0
-3.951	20.9
-3.956	19.8
-3.962	18.2
-3.967	16.5
-3.972	15.3
-3.978	14.5
-3.983	13.3
-3.988	12.4
-3.994	12.4
-3.999	12.8
-4.004	13.4
-4.009	14.6
-4.015	16.2
-4.020	18.3
-4.025	20.0
-4.031	20.0
-4.036	19.5
-4.041	19.5
-4.047	19.0
-4.052	17.9
-4.057	16.7
-4.063	15.2
-4.068	14.3
-4.073	13.3
-4.079	12.0
-4.084	11.4
-4.089	11.5
-4.095	12.2
-4.100	13.0
-4.105	14.4
-4.111	16.3
-4.116	18.2
-4.121	19.2
-4.127	19.2
-4.132	19.4
-4.137	19.5
-4.143	18.5
-4.148	16.9
-4.153	15.1
-4.158	13.7
-4.164	12.6
-4.169	11.6
-4.174	11.2
-4.180	11.1
-4.185	11.5
-4.190	12.3
-4.196	13.9
-4.201	15.2
-4.206	16.4
-4.212	16.9
-4.217	17.5
-4.222	18.0
-4.228	17.9
-4.233	16.7
-4.238	15.1
-4.244	13.8
-4.249	12.7
-4.254	11.7
-4.260	10.8
-4.265	10.1
-4.270	10.1
-4.275	10.6
-4.281	11.7
-4.286	13.0
-4.291	14.0
-4.297	14.8
-4.302	15.4
-4.307	16.5
-4.313	16.8
-4.318	15.8
-4.323	14.2
-4.329	12.7
-4.334	11.8
-4.339	11.1
-4.345	10.3
-4.350	9.4
-4.355	8.8
-4.361	8.9
-4.366	9.7
-4.371	10.6
-4.377	11.0
-4.382	11.4
-4.387	12.2
-4.392	13.8
-4.398	14.8
-4.403	14.1
-4.408	12.7
-4.414	11.5
-4.419	11.1
-4.424	10.7
-4.430	9.5
-4.435	8.3
-4.440	7.5
-4.446	7.4
-4.451	8.2
-4.456	9.4
-4.462	9.8
-4.467	9.7
-4.472	10.1
-4.478	11.7
-4.483	12.4
-4.488	11.3
-4.493	9.7
-4.499	8.9
-4.504	8.7
-4.509	8.6
-4.515	7.7
-4.520	6.8
-4.525	6.0
-4.531	6.0
-4.536	6.9
-4.541	7.7
-4.547	7.6
-4.552	7.5
-4.557	8.3
-4.563	9.9
-4.568	10.4
-4.573	9.3
-4.578	8.1
-4.584	7.7
-4.589	7.7
-4.594	7.2
-4.600	6.0
-4.605	5.2
-4.610	4.8
-4.616	5.3
-4.621	6.1
-4.626	6.5
-4.632	6.4
-4.637	6.8
-4.642	8.0
-4.648	8.8
-4.653	8.4
-4.658	7.4
-4.663	6.8
-4.669	6.8
-4.674	6.5
-4.679	5.6
-4.685	4.8
-4.690	4.4
-4.695	4.5
-4.701	4.9
-4.706	5.2
-4.711	5.1
-4.717	5.5
-4.722	6.3
-4.727	6.6
-4.733	6.4
-4.738	5.9
-4.743	5.5
-4.748	5.5
-4.754	5.2
-4.759	4.8
-4.764	4.2
-4.770	3.8
-4.775	3.9
-4.780	4.0
-4.786	4.3
-4.791	4.5
-4.796	4.8
-4.802	5.1
-4.807	5.4
-4.812	5.4
-4.818	5.0
-4.823	4.6
-4.828	4.3
-4.833	4.0
-4.839	3.8
-4.844	3.4
-4.849	3.2
-4.855	3.2
-4.860	3.2
-4.865	3.2
-4.871	3.4
-4.876	3.5
-4.881	3.6
-4.887	3.6
-4.892	3.6
-4.897	3.5
-4.902	3.2
-4.908	3.0
-4.913	2.8
-4.918	2.7
-4.924	2.5
-4.929	2.2
-4.934	2.2
-4.940	2.1
-4.945	2.1
-4.950	2.0
-4.956	2.0
-4.961	2.0
-4.966	2.0
-4.971	2.0
-4.977	2.0
-4.982	1.8
-4.987	1.7
-4.993	1.6
-4.998	1.6
-5.003	1.5
-5.009	1.3
-5.014	1.2
-5.019	1.2
-5.025	1.2
-5.030	1.2
-5.035	1.2
-5.040	1.2
-5.046	1.2
-5.051	1.2
-5.056	1.0
-5.062	1.0
-5.067	0.9
-5.072	0.9
-5.078	0.8
-5.083	0.8
-5.088	0.8
-5.094	0.8
-5.099	0.8
-5.104	0.8
-5.109	0.8
-5.115	0.8
-5.120	0.8
-5.125	0.8
-5.131	0.8
-5.136	0.8
-5.141	0.7
-5.147	0.7
-5.152	0.6
-5.157	0.6
-5.162	0.5
-5.168	0.5
-5.173	0.4
-5.178	0.4
-5.184	0.4
-5.189	0.4
-5.194	0.4
-5.200	0.4
-5.205	0.4
-5.210	0.4
-5.216	0.4
-5.221	0.4
-5.226	0.4
-5.231	0.4
-5.237	0.4
-5.242	0.4
-5.247	0.4
-5.253	0.4
-5.258	0.4
-5.263	0.4
-5.269	0.4
-5.274	0.4
-5.279	0.4
-5.284	0.4
-5.290	0.4
-5.295	0.4
-5.300	0.4
-5.306	0.4
-5.311	0.4
-5.316	0.4
-5.322	0.4
-5.327	0.4
-5.332	0.4
-5.337	0.4
-5.343	0.4
-5.348	0.4
-5.353	0.4
-5.359	0.4
-5.364	0.4
-5.369	0.4
-5.375	0.4
-5.380	0.4
-5.385	0.4
-5.390	0.4
-5.396	0.4
-5.401	0.4
-5.406	0.3
-5.412	0.3
-5.417	0.3
-5.422	0.3
-5.428	0.3
-5.433	0.3
-5.438	0.3
-5.443	0.3
-5.449	0.3
-5.454	0.2
