
28.50	1.050
28.51	1.192
28.52	1.008
28.53	1.092
28.54	1.025
28.55	1.017
28.56	1.100
28.57	0.875
28.58	0.950
28.59	1.008
28.60	0.833
28.61	1.042
28.62	1.025
28.63	0.983
28.64	0.908
28.65	1.050
28.66	1.075
28.67	0.767
28.68	0.942
28.69	1.042
28.70	1.008
28.71	1.033
28.72	0.817
28.73	1.092
28.74	0.908
28.75	0.850
28.76	1.033
28.77	0.917
28.78	0.992
28.79	0.892
28.80	0.908
28.81	0.942
28.82	0.908
28.83	1.125
28.84	0.883
28.85	1.000
28.86	1.117
28.87	0.950
28.88	1.033
28.89	1.025
28.90	0.975
28.91	1.092
28.92	0.917
28.93	0.967
28.94	0.925
28.95	0.925
28.96	1.058
28.97	0.900
28.98	0.958
28.99	0.992
29.00	0.867
29.01	1.100
29.02	0.858
29.03	0.892
29.04	0.817
29.05	0.842
29.06	1.100
29.07	0.958
29.08	0.817
29.09	0.925
29.10	0.908
29.11	0.858
29.12	0.950
29.13	1.025
29.14	0.775
29.15	0.967
29.16	0.833
29.17	0.892
29.18	0.900
29.19	0.792
29.20	0.925
29.21	0.775
29.22	0.933
29.23	0.925
29.24	0.925
29.25	1.000
29.26	0.767
29.27	0.958
29.28	0.842
29.29	0.858
29.30	0.942
29.31	1.008
29.32	0.942
29.33	0.900
29.34	0.942
29.35	0.917
29.36	0.917
29.37	1.058
29.38	0.850
29.39	0.908
29.40	1.017
29.41	0.867
29.42	0.867
29.43	0.933
29.44	1.050
29.45	0.875
29.46	0.933
29.47	0.833
29.48	0.817
29.49	0.800
29.50	0.875
29.51	0.883
29.52	0.783
29.53	1.017
29.54	0.967
29.55	0.683
29.56	0.825
29.57	0.900
29.58	0.942
29.59	0.800
29.60	0.867
29.61	0.817
29.62	0.992
29.63	0.875
29.64	0.875
29.65	1.092
29.66	0.792
29.67	0.825
29.68	1.000
29.69	1.058
29.70	1.058
29.71	0.825
29.72	0.967
29.73	0.958
29.74	0.900
29.75	0.992
29.76	0.808
29.77	0.800
29.78	0.917
29.79	0.942
29.80	0.950
29.81	0.883
29.82	0.908
29.83	0.933
29.84	0.833
29.85	0.792
29.86	1.067
29.87	1.033
29.88	0.892
29.89	0.967
29.90	0.850
29.91	0.800
29.92	1.017
29.93	1.100
29.94	0.950
29.95	1.108
29.96	0.867
29.97	0.800
29.98	0.983
29.99	0.975
30.00	0.875
30.01	1.200
30.02	1.050
30.03	1.017
30.04	1.200
30.05	1.550
30.06	1.542
30.07	1.750
30.08	1.667
30.09	1.950
30.10	2.058
30.11	2.017
30.12	2.100
30.13	2.850
30.14	3.108
30.15	3.650
30.16	4.175
30.17	4.667
30.18	4.775
30.19	5.750
30.20	5.942
30.21	6.375
30.22	6.250
30.23	6.658
30.24	6.775
30.25	6.258
30.26	5.900
30.27	5.433
30.28	5.317
30.29	5.033
30.30	4.483
30.31	3.933
30.32	3.825
30.33	3.150
30.34	3.250
30.35	3.025
30.36	3.042
30.37	2.842
30.38	3.258
30.39	3.500
30.40	3.483
30.41	3.908
30.42	3.917
30.43	3.867
30.44	3.592
30.45	3.725
30.46	3.500
30.47	3.133
30.48	3.025
30.49	2.633
30.50	2.358
30.51	2.375
30.52	1.992
30.53	1.475
30.54	1.617
30.55	1.267
30.56	1.242
30.57	0.975
30.58	0.992
30.59	0.892
30.60	0.908
30.61	1.058
30.62	0.867
30.63	0.833
30.64	0.858
30.65	0.808
30.66	0.900
30.67	1.067
30.68	0.800
30.69	0.983
30.70	0.867
30.71	0.833
30.72	0.958
30.73	0.733
30.74	0.817
30.75	0.875
30.76	0.783
30.77	0.850
30.78	0.867
30.79	0.783
30.80	0.850
30.81	0.883
30.82	0.883
30.83	0.783
30.84	0.758
30.85	0.758
30.86	0.767
30.87	0.883
30.88	0.900
30.89	0.808
30.90	0.875
30.91	0.800
30.92	0.842
30.93	0.775
30.94	0.867
30.95	0.858
30.96	0.692
30.97	0.850
30.98	0.817
30.99	0.692
31.00	0.800
31.01	0.792
31.02	0.808
31.03	0.725
31.04	0.733
31.05	0.792
31.06	0.642
31.07	0.808
31.08	0.800
31.09	0.808
31.10	0.908
31.11	0.825
31.12	0.783
31.13	0.875
31.14	0.825
31.15	0.792
31.16	1.050
31.17	0.825
31.18	0.792
31.19	0.675
31.20	0.700
31.21	0.792
31.22	0.758
31.23	0.717
31.24	0.775
31.25	0.817
31.26	0.817
31.27	0.850
31.28	0.767
31.29	0.792
31.30	0.825
31.31	0.808
31.32	0.958
31.33	0.883
31.34	0.950
31.35	0.700
31.36	0.650
31.37	0.725
31.38	0.933
31.39	0.775
31.40	0.808
31.41	0.733
31.42	0.633
31.43	0.842
31.44	0.733
31.45	0.758
31.46	0.700
31.47	0.725
31.48	0.583
31.49	0.892
31.50	0.742
31.51	1.033
31.52	0.633
31.53	0.800
31.54	0.717
31.55	0.758
31.56	0.900
31.57	0.792
31.58	0.842
31.59	0.808
31.60	0.767
31.61	0.717
31.62	0.758
31.63	0.792
31.64	0.725
31.65	0.675
31.66	0.692
31.67	0.642
31.68	0.967
31.69	0.808
31.70	0.583
31.71	0.858
31.72	0.800
31.73	0.925
31.74	0.808
31.75	0.700
31.76	0.858
31.77	0.800
31.78	0.667
31.79	0.750
31.80	0.742
31.81	0.692
31.82	0.667
31.83	0.825
31.84	0.708
31.85	0.567
31.86	0.725
31.87	0.725
31.88	0.892
31.89	0.808
31.90	0.775
31.91	0.608
31.92	0.925
31.93	0.758
31.94	0.742
31.95	0.758
31.96	0.767
31.97	0.817
31.98	0.642
31.99	0.783
32.00	0.700
