U_B / V	U_A / V
0.70	0.05
0.70	0.05
0.70	0.05
0.70	0.05
0.70	0.05
0.70	0.05
0.70	0.05
0.70	0.05
0.70	0.05
0.70	0.05
0.70	0.05
0.70	0.05
0.70	0.05
0.90	0.05
1.10	0.05
1.30	0.05
1.50	0.05
1.70	0.05
1.85	0.05
2.05	0.05
2.25	0.05
2.45	0.05
2.60	0.05
2.85	0.05
3.00	0.05
3.20	0.05
3.40	0.05
3.60	0.05
3.80	0.05
4.00	0.05
4.20	0.05
4.35	0.06
4.55	0.05
4.75	0.05
4.95	0.05
5.15	0.06
5.35	0.05
5.55	0.06
5.75	0.06
5.95	0.06
6.15	0.06
6.30	0.07
6.50	0.07
6.70	0.08
6.90	0.08
7.10	0.08
7.30	0.08
7.50	0.08
7.65	0.08
7.85	0.08
8.05	0.08
8.25	0.08
8.45	0.08
8.65	0.08
8.85	0.08
9.00	0.07
9.20	0.07
9.40	0.07
9.60	0.07
9.80	0.07
9.95	0.07
10.15	0.07
10.35	0.07
10.55	0.08
10.75	0.10
10.95	0.11
11.15	0.13
11.35	0.16
11.50	0.17
11.75	0.18
11.90	0.18
12.10	0.17
12.30	0.17
12.50	0.16
12.70	0.15
12.90	0.13
13.10	0.13
13.30	0.12
13.45	0.11
13.70	0.10
13.85	0.10
14.05	0.09
14.25	0.09
14.45	0.08
14.60	0.08
14.85	0.08
15.00	0.09
15.20	0.11
15.40	0.14
15.60	0.18
15.75	0.24
15.95	0.31
16.15	0.38
16.35	0.43
16.55	0.45
16.75	0.44
16.95	0.41
17.15	0.37
17.30	0.33
17.50	0.29
17.70	0.25
17.90	0.22
18.10	0.19
18.25	0.17
18.45	0.14
18.70	0.13
18.85	0.11
19.05	0.10
19.25	0.09
19.40	0.09
19.60	0.10
19.85	0.13
20.00	0.16
20.20	0.22
20.40	0.32
20.60	0.43
20.80	0.57
21.00	0.71
21.15	0.86
21.35	0.95
21.55	0.97
21.75	0.92
21.95	0.80
22.15	0.72
22.35	0.61
22.50	0.51
22.70	0.42
22.95	0.34
23.10	0.28
23.30	0.24
23.50	0.20
23.70	0.16
23.90	0.14
24.05	0.12
24.25	0.12
24.45	0.13
24.60	0.16
24.85	0.24
25.00	0.34
25.20	0.47
25.40	0.65
25.60	0.90
25.80	1.16
26.00	1.40
26.20	1.61
26.40	1.69
26.55	1.69
26.75	1.59
26.95	1.46
27.15	1.32
27.30	1.08
27.55	0.88
27.70	0.74
27.90	0.60
28.10	0.49
28.30	0.39
28.45	0.32
28.70	0.25
28.90	0.21
29.05	0.19
29.30	0.20
29.45	0.24
29.65	0.31
29.85	0.45
30.05	0.63
30.20	0.87
30.40	1.18
30.60	1.58
30.80	1.98
31.00	2.37
31.20	2.68
31.40	2.82
31.60	2.89
31.80	2.83
31.95	2.75
32.15	2.46
32.35	2.14
32.55	1.81
32.75	1.48
32.95	1.20
33.15	0.93
33.35	0.74
33.55	0.59
33.75	0.46
33.90	0.39
34.10	0.37
34.30	0.39
34.50	0.46
34.65	0.58
34.85	0.78
35.05	1.09
35.25	1.53
35.40	1.93
35.65	2.58
35.85	3.18
36.00	3.71
36.20	4.36
36.40	4.64
36.60	4.65
36.80	4.69
37.00	4.60
37.20	4.21
37.35	3.89
37.55	3.37
37.75	3.16
37.95	2.45
38.15	2.06
38.35	1.74
38.50	1.45
38.70	1.28
38.95	1.03
39.10	0.91
39.30	0.93
39.50	1.05
39.70	1.20
39.85	1.52
40.10	2.06
40.30	2.64
40.45	3.24
40.65	4.20
40.75	4.72
40.75	4.67
40.75	4.65
40.75	4.72
40.75	4.70
40.75	4.68
40.75	4.69
40.75	4.69
40.75	4.71
40.75	4.69
40.75	4.70
