U_B / V	U_A / V
0.50	0.06
0.50	0.06
0.50	0.06
0.50	0.06
0.50	0.06
0.50	0.06
0.50	0.06
0.50	0.06
0.60	0.06
0.80	0.05
1.00	0.06
1.20	0.06
1.35	0.06
1.60	0.05
1.75	0.06
1.95	0.05
2.15	0.06
2.35	0.06
2.55	0.06
2.75	0.06
2.90	0.06
3.10	0.06
3.30	0.06
3.50	0.06
3.70	0.06
3.90	0.06
4.10	0.06
4.25	0.05
4.45	0.06
4.65	0.06
4.85	0.06
5.05	0.06
5.20	0.06
5.45	0.06
5.65	0.06
5.80	0.06
6.00	0.06
6.25	0.06
6.40	0.06
6.60	0.06
6.80	0.06
7.00	0.06
7.15	0.06
7.35	0.06
7.55	0.06
7.75	0.06
7.95	0.06
8.15	0.06
8.35	0.06
8.50	0.06
8.70	0.06
8.90	0.06
9.10	0.06
9.30	0.06
9.50	0.06
9.70	0.06
9.90	0.06
10.10	0.07
10.25	0.07
10.45	0.08
10.65	0.09
10.85	0.11
11.05	0.12
11.20	0.14
11.40	0.15
11.60	0.17
11.80	0.17
11.95	0.18
12.15	0.17
12.40	0.18
12.55	0.17
12.75	0.17
13.00	0.16
13.15	0.15
13.35	0.15
13.55	0.14
13.75	0.13
13.90	0.13
14.10	0.13
14.30	0.13
14.50	0.14
14.70	0.16
14.90	0.18
15.10	0.21
15.30	0.24
15.50	0.29
15.65	0.35
15.85	0.42
16.05	0.50
16.25	0.58
16.40	0.63
16.60	0.65
16.80	0.64
17.00	0.61
17.20	0.56
17.40	0.51
17.60	0.46
17.75	0.41
17.95	0.36
18.15	0.32
18.35	0.28
18.55	0.24
18.75	0.23
18.95	0.21
19.10	0.22
19.30	0.24
19.50	0.28
19.70	0.32
19.90	0.41
20.10	0.49
20.30	0.60
20.50	0.74
20.65	0.87
20.85	1.03
21.05	1.20
21.25	1.34
21.45	1.41
21.60	1.40
21.85	1.31
22.00	1.18
22.20	1.03
22.45	0.89
22.60	0.76
22.80	0.64
23.00	0.53
23.15	0.45
23.35	0.38
23.55	0.35
23.75	0.33
23.95	0.34
24.15	0.37
24.35	0.45
24.55	0.55
24.70	0.66
24.95	0.82
25.10	1.00
25.30	1.22
25.45	1.45
25.70	1.75
25.85	2.03
26.05	2.28
26.25	2.50
26.45	2.58
26.60	2.52
26.85	2.30
27.05	2.06
27.20	1.80
27.45	1.50
27.60	1.25
27.80	1.05
28.00	0.87
28.20	0.72
28.40	0.62
28.55	0.56
28.75	0.56
29.00	0.62
29.15	0.69
29.35	0.84
29.55	1.02
29.75	1.23
29.95	1.50
30.15	1.82
30.35	2.14
30.50	2.53
30.70	3.02
30.90	3.45
31.05	3.84
31.30	4.16
31.50	4.24
31.65	4.13
31.85	3.91
32.05	3.48
32.20	3.07
32.40	2.61
32.65	2.17
32.80	1.79
33.05	1.45
33.25	1.22
33.40	1.07
33.60	1.01
33.80	1.01
33.95	1.07
34.15	1.22
34.35	1.46
34.55	1.75
34.75	2.09
34.95	2.51
35.15	3.03
35.35	3.55
35.50	4.10
35.75	4.76
35.90	5.38
36.10	5.91
36.30	6.37
36.50	6.54
36.70	6.49
36.85	6.20
37.10	5.73
37.25	5.23
37.45	4.54
37.65	3.88
37.85	3.31
38.00	2.79
38.25	2.41
38.40	2.13
38.60	1.98
38.80	1.92
39.00	2.06
39.20	2.24
39.35	2.50
39.55	2.95
39.75	3.46
39.95	4.05
40.15	4.77
40.35	5.50
40.55	6.31
40.55	6.41
40.55	6.41
40.55	6.41
40.55	6.39
40.55	6.38
40.55	6.38
40.55	6.38
40.55	6.38
40.55	6.36
40.55	6.37
