U_B / V	U_A / V
0.50	0.05
0.50	0.05
0.50	0.05
0.50	0.05
0.50	0.05
0.50	0.05
0.50	0.05
0.50	0.05
0.50	0.05
0.50	0.05
0.50	0.05
0.60	0.05
0.75	0.05
0.95	0.05
1.15	0.05
1.35	0.05
1.55	0.05
1.75	0.05
1.90	0.05
2.15	0.05
2.30	0.05
2.50	0.05
2.70	0.05
2.85	0.05
3.05	0.05
3.25	0.05
3.45	0.05
3.65	0.05
3.85	0.05
4.05	0.05
4.20	0.05
4.40	0.05
4.60	0.05
4.80	0.05
5.00	0.05
5.20	0.05
5.40	0.05
5.60	0.05
5.75	0.05
6.00	0.05
6.15	0.05
6.35	0.06
6.55	0.06
6.75	0.06
6.95	0.06
7.15	0.06
7.35	0.06
7.50	0.07
7.70	0.07
7.90	0.07
8.10	0.07
8.25	0.07
8.50	0.07
8.65	0.07
8.85	0.07
9.05	0.08
9.25	0.07
9.45	0.08
9.65	0.07
9.80	0.08
10.00	0.07
10.20	0.08
10.40	0.08
10.60	0.09
10.80	0.08
11.00	0.10
11.15	0.10
11.35	0.11
11.55	0.12
11.75	0.13
11.90	0.13
12.15	0.14
12.35	0.14
12.50	0.14
12.70	0.14
12.95	0.14
13.10	0.13
13.30	0.13
13.55	0.12
13.70	0.12
13.85	0.11
14.10	0.11
14.25	0.11
14.45	0.10
14.65	0.11
14.85	0.11
15.00	0.12
15.20	0.13
15.40	0.15
15.60	0.17
15.80	0.19
16.00	0.22
16.20	0.25
16.40	0.27
16.60	0.28
16.80	0.28
16.95	0.28
17.15	0.27
17.35	0.26
17.55	0.24
17.70	0.23
17.95	0.21
18.10	0.19
18.30	0.17
18.55	0.16
18.70	0.14
18.90	0.14
19.10	0.13
19.30	0.14
19.45	0.14
19.70	0.16
19.85	0.18
20.05	0.21
20.25	0.25
20.45	0.32
20.65	0.38
20.85	0.44
21.00	0.50
21.20	0.54
21.40	0.54
21.60	0.53
21.80	0.50
22.00	0.46
22.20	0.42
22.40	0.37
22.55	0.33
22.75	0.29
22.95	0.25
23.15	0.22
23.35	0.19
23.55	0.17
23.75	0.17
23.90	0.16
24.10	0.17
24.30	0.19
24.45	0.23
24.65	0.28
24.90	0.36
25.05	0.44
25.25	0.54
25.45	0.67
25.65	0.78
25.85	0.87
26.00	0.92
26.25	0.91
26.40	0.87
26.60	0.80
26.80	0.71
27.00	0.62
27.15	0.55
27.40	0.46
27.55	0.40
27.75	0.33
27.95	0.28
28.15	0.23
28.30	0.21
28.55	0.19
28.75	0.20
28.90	0.22
29.10	0.27
29.30	0.34
29.50	0.43
29.70	0.53
29.90	0.69
30.05	0.84
30.25	1.02
30.45	1.21
30.65	1.34
30.85	1.41
31.00	1.41
31.25	1.32
31.45	1.21
31.60	1.08
31.85	0.93
32.00	0.79
32.20	0.66
32.40	0.54
32.60	0.44
32.80	0.37
32.95	0.31
33.20	0.27
33.35	0.25
33.55	0.26
33.75	0.30
33.95	0.37
34.10	0.46
34.35	0.61
34.50	0.78
34.70	0.98
34.90	1.22
35.10	1.46
35.30	1.70
35.45	1.91
35.65	2.03
35.85	2.03
36.05	1.94
36.25	1.78
36.45	1.58
36.65	1.38
36.85	1.14
37.05	0.97
37.20	0.80
37.40	0.64
37.60	0.52
37.80	0.43
38.00	0.37
38.20	0.34
38.40	0.35
38.55	0.40
38.80	0.49
38.95	0.62
39.15	0.79
39.35	1.04
39.55	1.30
39.70	1.61
39.90	1.96
40.15	2.31
40.30	2.56
40.50	2.74
40.55	2.78
40.55	2.77
40.55	2.77
40.55	2.77
40.55	2.76
40.55	2.76
