U_B / V	U_A / V
0.50	0.05
0.50	0.05
0.50	0.05
0.50	0.05
0.50	0.05
0.50	0.05
0.50	0.05
0.50	0.05
0.50	0.05
0.50	0.05
0.60	0.05
0.75	0.05
0.95	0.05
1.15	0.05
1.35	0.05
1.55	0.05
1.75	0.05
1.90	0.05
2.15	0.05
2.30	0.06
2.50	0.05
2.70	0.05
2.85	0.05
3.05	0.05
3.25	0.05
3.45	0.05
3.65	0.05
3.85	0.06
4.05	0.05
4.25	0.06
4.40	0.05
4.60	0.05
4.80	0.05
5.00	0.05
5.20	0.05
5.40	0.05
5.60	0.05
5.75	0.05
6.00	0.05
6.15	0.05
6.35	0.05
6.55	0.05
6.75	0.05
6.90	0.05
7.15	0.05
7.30	0.05
7.50	0.05
7.70	0.05
7.90	0.05
8.10	0.05
8.25	0.05
8.50	0.05
8.65	0.05
8.85	0.05
9.10	0.05
9.25	0.05
9.45	0.06
9.65	0.05
9.85	0.06
10.00	0.06
10.20	0.07
10.40	0.08
10.60	0.09
10.80	0.10
10.95	0.12
11.15	0.14
11.35	0.16
11.60	0.16
11.75	0.17
11.95	0.16
12.15	0.16
12.35	0.15
12.50	0.15
12.70	0.14
12.95	0.13
13.10	0.12
13.30	0.11
13.50	0.10
13.70	0.10
13.90	0.10
14.05	0.10
14.25	0.11
14.45	0.13
14.65	0.15
14.85	0.18
15.05	0.23
15.25	0.28
15.45	0.36
15.60	0.44
15.80	0.54
16.00	0.65
16.20	0.72
16.35	0.75
16.60	0.73
16.80	0.67
17.00	0.62
17.15	0.56
17.35	0.49
17.55	0.42
17.70	0.37
17.90	0.31
18.10	0.26
18.30	0.22
18.50	0.20
18.70	0.18
18.90	0.19
19.05	0.21
19.30	0.25
19.50	0.31
19.65	0.39
19.85	0.52
20.05	0.66
20.25	0.82
20.45	1.02
20.65	1.24
20.80	1.43
21.00	1.60
21.25	1.60
21.40	1.53
21.60	1.40
21.80	1.22
22.00	1.05
22.15	0.88
22.40	0.76
22.55	0.63
22.75	0.52
23.00	0.42
23.15	0.34
23.35	0.30
23.55	0.27
23.75	0.28
23.90	0.32
24.10	0.39
24.30	0.50
24.50	0.64
24.70	0.81
24.90	1.06
25.05	1.32
25.25	1.63
25.45	2.01
25.65	2.35
25.80	2.64
26.00	2.82
26.25	2.80
26.40	2.64
26.60	2.44
26.80	2.13
27.00	1.81
27.15	1.51
27.35	1.22
27.55	1.00
27.75	0.81
27.95	0.64
28.15	0.53
28.30	0.46
28.55	0.44
28.75	0.48
28.90	0.57
29.10	0.71
29.30	0.93
29.50	1.20
29.70	1.50
29.90	1.90
30.10	2.32
30.25	2.80
30.45	3.40
30.65	3.88
30.85	4.27
31.05	4.45
31.25	4.44
31.45	4.24
31.60	3.94
31.85	3.47
32.00	3.00
32.20	2.54
32.40	2.07
32.60	1.53
32.80	1.22
32.95	1.00
33.20	0.83
33.35	0.75
33.55	0.75
33.75	0.83
33.95	0.98
34.15	1.20
34.35	1.57
34.50	1.98
34.70	2.49
34.90	3.14
35.10	3.78
35.30	4.47
35.50	5.20
35.70	5.90
35.85	6.22
36.05	6.11
36.25	5.98
36.45	5.82
36.65	5.26
36.85	4.59
37.05	4.05
37.20	3.46
37.40	2.86
37.65	2.36
37.80	1.97
38.00	1.62
38.20	1.40
38.35	1.31
38.55	1.31
38.80	1.45
38.95	1.71
39.15	2.09
39.35	2.59
39.55	3.21
39.75	3.97
39.90	4.87
40.10	5.96
40.30	6.94
40.50	7.86
40.55	8.12
40.55	8.11
40.55	8.12
40.55	8.11
40.55	8.09
40.55	8.08
40.55	8.10
40.55	8.09
40.55	8.08
40.55	8.10
40.55	8.10
