U_B / V	U_A / V
0.60	0.05
0.60	0.05
0.60	0.05
0.60	0.05
0.60	0.05
0.60	0.05
0.60	0.05
0.60	0.05
0.60	0.05
0.60	0.05
0.60	0.05
0.60	0.05
0.60	0.05
0.75	0.05
0.95	0.05
1.15	0.05
1.35	0.05
1.55	0.05
1.70	0.05
1.90	0.05
2.10	0.05
2.30	0.05
2.50	0.05
2.65	0.05
2.85	0.05
3.10	0.05
3.25	0.05
3.45	0.05
3.65	0.05
3.85	0.05
4.00	0.05
4.20	0.05
4.40	0.05
4.60	0.05
4.80	0.05
5.00	0.05
5.20	0.05
5.40	0.05
5.60	0.06
5.80	0.05
5.95	0.06
6.15	0.06
6.35	0.07
6.55	0.07
6.70	0.07
6.95	0.08
7.15	0.08
7.30	0.08
7.55	0.08
7.70	0.08
7.90	0.09
8.10	0.08
8.25	0.09
8.45	0.08
8.65	0.09
8.85	0.08
9.05	0.08
9.25	0.08
9.45	0.08
9.65	0.08
9.80	0.08
10.05	0.08
10.20	0.08
10.40	0.09
10.60	0.10
10.80	0.11
10.95	0.12
11.15	0.14
11.35	0.16
11.50	0.18
11.70	0.19
11.95	0.19
12.10	0.19
12.30	0.19
12.55	0.18
12.70	0.18
12.90	0.17
13.10	0.16
13.30	0.15
13.50	0.14
13.70	0.12
13.90	0.13
14.05	0.11
14.25	0.11
14.45	0.11
14.65	0.11
14.85	0.11
15.05	0.13
15.25	0.15
15.40	0.18
15.60	0.22
15.80	0.27
16.00	0.33
16.15	0.39
16.40	0.45
16.55	0.49
16.75	0.50
16.95	0.48
17.15	0.46
17.35	0.42
17.55	0.38
17.75	0.34
17.90	0.30
18.10	0.27
18.30	0.24
18.50	0.21
18.70	0.19
18.85	0.16
19.05	0.15
19.25	0.14
19.45	0.15
19.65	0.17
19.85	0.21
20.05	0.26
20.25	0.33
20.45	0.42
20.60	0.52
20.80	0.66
21.00	0.80
21.20	0.93
21.40	1.04
21.60	1.06
21.80	1.02
22.00	0.95
22.20	0.85
22.35	0.76
22.55	0.63
22.75	0.52
22.95	0.45
23.10	0.38
23.35	0.31
23.50	0.27
23.70	0.23
23.90	0.21
24.10	0.20
24.25	0.21
24.45	0.25
24.70	0.32
24.85	0.41
25.05	0.52
25.25	0.69
25.45	0.88
25.60	1.08
25.85	1.33
26.00	1.57
26.15	1.79
26.40	1.95
26.60	1.96
26.75	1.87
26.95	1.71
27.15	1.49
27.35	1.30
27.55	1.09
27.75	0.92
27.95	0.77
28.15	0.62
28.35	0.49
28.50	0.41
28.70	0.36
28.90	0.33
29.10	0.34
29.30	0.38
29.50	0.47
29.70	0.61
29.90	0.76
30.05	0.97
30.25	1.27
30.45	1.58
30.65	1.93
30.85	2.38
31.05	2.75
31.20	3.07
31.40	3.28
31.60	3.38
31.80	3.27
31.95	3.06
32.20	2.72
32.35	2.34
32.55	1.96
32.80	1.61
32.95	1.32
33.15	1.11
33.35	0.89
33.55	0.74
33.75	0.61
33.90	0.61
34.10	0.63
34.30	0.71
34.50	0.85
34.70	1.09
34.90	1.37
35.10	1.70
35.30	2.12
35.50	2.58
35.70	3.12
35.85	3.77
36.05	4.34
36.25	4.83
36.40	5.19
36.65	5.39
36.80	5.32
37.00	5.13
37.25	4.73
37.40	4.34
37.60	3.77
37.80	3.14
38.00	2.63
38.15	2.20
38.35	1.93
38.55	1.57
38.75	1.37
38.95	1.25
39.15	1.22
39.35	1.33
39.50	1.53
39.70	1.88
39.90	2.29
40.10	2.83
40.30	3.45
40.50	4.11
40.65	4.76
40.65	4.75
40.65	4.73
40.65	4.73
40.65	4.69
40.65	4.72
40.65	4.70
40.65	4.70
40.65	4.68
40.65	4.70
40.65	4.70
