&a / 	I1 /
5.459	0.6
5.454	0.6
5.449	0.6
5.443	0.6
5.438	0.6
5.433	0.5
5.428	0.5
5.422	0.5
5.417	0.5
5.412	0.5
5.406	0.6
5.401	0.6
5.396	0.6
5.390	0.6
5.385	0.7
5.380	0.6
5.375	0.6
5.369	0.6
5.364	0.6
5.359	0.6
5.353	0.6
5.348	0.6
5.343	0.7
5.337	0.7
5.332	0.7
5.327	0.7
5.322	0.7
5.316	0.7
5.311	0.7
5.306	0.7
5.300	0.7
5.295	0.7
5.290	0.7
5.284	0.7
5.279	0.8
5.274	0.8
5.269	1.0
5.263	1.0
5.258	1.1
5.253	1.1
5.247	1.1
5.242	1.1
5.237	1.1
5.231	1.1
5.226	1.1
5.221	1.1
5.216	1.0
5.210	1.0
5.205	1.1
5.200	1.2
5.194	1.2
5.189	1.2
5.184	1.2
5.178	1.2
5.173	1.2
5.168	1.1
5.162	1.0
5.157	0.9
5.152	0.9
5.147	0.8
5.141	0.8
5.136	0.8
5.131	0.9
5.125	0.9
5.120	1.3
5.115	1.4
5.109	1.5
5.104	1.8
5.099	2.1
5.094	2.3
5.088	2.5
5.083	2.5
5.078	2.5
5.072	2.3
5.067	2.2
5.062	2.0
5.056	2.0
5.051	2.0
5.046	2.3
5.040	2.6
5.035	3.0
5.030	3.4
5.025	3.8
5.019	4.0
5.014	4.0
5.009	4.0
5.003	3.9
4.998	3.5
4.993	3.2
4.987	2.9
4.982	2.7
4.977	2.6
4.971	2.7
4.966	3.1
4.961	3.5
4.956	4.0
4.950	4.7
4.945	5.2
4.940	5.5
4.934	5.6
4.929	5.6
4.924	5.6
4.918	5.3
4.913	4.8
4.908	4.3
4.902	3.9
4.897	3.6
4.892	3.6
4.887	3.9
4.881	4.4
4.876	5.1
4.871	5.8
4.865	6.6
4.860	7.2
4.855	7.6
4.849	7.7
4.844	7.5
4.839	6.9
4.833	6.4
4.828	5.8
4.823	5.2
4.818	4.8
4.812	4.7
4.807	4.7
4.802	5.1
4.796	5.9
4.791	6.7
4.786	7.9
4.780	9.5
4.775	9.7
4.770	9.9
4.764	9.9
4.759	9.5
4.754	8.9
4.748	8.1
4.743	7.2
4.738	6.4
4.733	5.9
4.727	5.8
4.722	5.9
4.717	6.4
4.711	7.4
4.706	8.5
4.701	9.5
4.695	10.6
4.690	11.4
4.685	11.9
4.679	11.9
4.674	11.5
4.669	10.7
4.663	9.9
4.658	8.8
4.653	7.9
4.648	7.1
4.642	6.8
4.637	7.0
4.632	7.7
4.626	8.7
4.621	9.9
4.616	11.2
4.610	12.5
4.605	13.5
4.600	14.1
4.594	14.2
4.589	13.8
4.584	13.0
4.578	12.0
4.573	10.8
4.568	9.6
4.563	8.8
4.557	8.4
4.552	8.4
4.547	9.0
4.541	9.9
4.536	11.1
4.531	12.6
4.525	13.9
4.520	15.1
4.515	15.9
4.509	16.2
4.504	15.9
4.499	15.1
4.493	14.0
4.488	12.5
4.483	11.2
4.478	10.0
4.472	9.5
4.467	9.5
4.462	9.9
4.456	10.6
4.451	11.8
4.446	13.4
4.440	15.9
4.435	16.7
4.430	17.5
4.424	18.1
4.419	18.1
4.414	17.7
4.408	16.9
4.403	15.6
4.398	14.3
4.392	12.9
4.387	11.8
4.382	11.1
4.377	11.0
4.371	11.3
4.366	12.1
4.361	13.3
4.355	14.9
4.350	16.3
4.345	17.6
4.339	18.6
4.334	19.3
4.329	19.3
4.323	18.8
4.318	17.8
4.313	16.5
4.307	15.2
4.302	13.9
4.297	12.8
4.291	12.2
4.286	12.2
4.281	12.5
4.275	13.3
4.270	14.7
4.265	16.1
4.260	17.6
4.254	18.8
4.249	20.0
4.244	20.6
4.238	20.7
4.233	20.2
4.228	19.4
4.222	18.1
4.217	16.7
4.212	15.2
4.206	14.0
4.201	13.1
4.196	12.9
4.190	13.2
4.185	14.0
4.180	15.2
4.174	16.8
4.169	18.3
4.164	19.6
4.158	20.8
4.153	21.9
4.148	22.2
4.143	21.8
4.137	20.9
4.132	19.7
4.127	18.2
4.121	16.8
4.116	15.3
4.111	14.1
4.105	13.4
4.100	13.3
4.095	14.0
4.089	14.8
4.084	16.0
4.079	17.6
4.073	19.1
4.068	20.3
4.063	21.5
4.057	22.7
4.052	23.1
4.047	22.8
4.041	21.8
4.036	20.4
4.031	18.8
4.025	17.2
4.020	15.6
4.015	14.4
4.009	13.6
4.004	13.7
3.999	14.5
3.994	15.5
3.988	16.8
3.983	18.8
3.978	20.8
3.972	22.3
3.967	23.4
3.962	24.3
3.956	24.7
3.951	24.3
3.946	23.2
3.940	21.6
3.935	19.9
3.930	18.3
3.924	16.7
3.919	15.1
3.914	13.9
3.908	13.5
3.903	13.9
3.898	15.0
3.892	16.2
3.887	17.8
3.882	20.2
3.876	22.3
3.871	23.8
3.866	24.9
3.860	25.8
3.855	26.2
3.850	25.5
3.844	24.3
3.839	22.6
3.834	20.6
3.829	18.6
3.823	16.8
3.818	15.1
3.813	13.9
3.807	13.4
3.802	13.9
3.797	15.0
3.791	16.3
3.786	17.8
3.781	20.2
3.775	22.6
3.770	24.6
3.765	25.6
3.759	27.2
3.754	27.5
3.749	27.0
3.743	25.5
3.738	23.7
3.733	21.5
3.727	19.4
3.722	17.4
3.717	15.7
3.711	14.1
3.706	13.3
3.701	13.0
3.695	13.8
3.690	15.3
3.685	16.9
3.679	18.6
3.674	21.1
3.669	23.9
3.663	25.9
3.658	27.0
3.653	27.8
3.647	28.3
3.642	28.0
3.637	26.6
3.632	24.8
3.626	22.6
3.621	20.3
3.616	18.3
3.610	16.3
3.605	14.6
3.600	13.4
3.594	12.8
3.589	13.2
3.584	14.7
3.578	16.3
3.573	17.9
3.568	20.0
3.562	22.5
3.557	24.9
3.552	26.1
3.546	26.7
3.541	27.3
3.536	27.7
3.530	27.3
3.525	26.1
3.520	24.3
3.514	22.1
3.509	19.8
3.504	17.8
3.498	15.8
3.493	14.2
3.488	13.1
3.482	12.6
3.477	13.1
3.472	14.7
3.466	16.6
3.461	18.4
3.456	20.4
3.450	23.2
3.445	26.2
3.440	28.2
3.434	29.0
3.429	29.6
3.424	30.0
3.418	29.9
3.413	28.2
3.408	26.0
3.402	23.5
3.397	21.0
3.392	18.6
3.386	16.3
3.381	14.4
3.376	13.1
3.370	12.3
3.365	12.2
3.360	13.1
3.354	15.1
3.349	17.1
3.344	19.1
3.338	21.2
3.333	24.3
3.328	27.3
3.322	29.2
3.317	29.7
3.312	30.1
3.306	30.3
3.301	30.1
3.296	28.9
3.291	26.9
3.285	24.5
3.280	21.8
3.275	19.4
3.269	17.1
3.264	15.1
3.259	13.5
3.253	12.4
3.248	11.9
3.243	12.3
3.237	13.9
3.232	16.2
3.227	18.3
3.221	20.0
3.216	22.4
3.211	25.6
3.205	28.8
3.200	30.6
3.195	31.2
3.189	31.6
3.184	31.9
3.179	31.5
3.173	30.2
3.168	27.9
3.163	25.3
3.157	22.5
3.152	20.0
3.147	17.6
3.141	15.4
3.136	13.8
3.131	12.5
3.125	11.7
3.120	11.8
3.115	12.9
3.109	15.0
3.104	17.3
3.099	19.3
3.093	21.4
3.088	24.2
3.083	27.8
3.077	32.9
3.072	33.3
3.067	33.1
3.061	33.0
3.056	33.1
3.051	32.5
3.045	30.9
3.040	28.5
3.035	25.8
3.029	23.0
3.024	20.2
3.019	17.8
3.013	15.5
3.008	13.8
3.003	12.4
2.997	11.6
2.992	11.4
2.987	12.1
2.981	13.9
2.976	16.4
2.971	18.8
2.965	20.8
2.960	23.0
2.955	26.1
2.949	29.8
2.944	32.3
2.939	33.4
2.933	33.3
2.928	33.3
2.923	33.4
2.917	32.9
2.912	31.5
2.907	29.2
2.901	26.4
2.896	23.6
2.891	20.7
2.885	18.1
2.880	15.8
2.875	13.9
2.869	12.4
2.864	11.6
2.859	11.2
2.853	11.5
2.848	12.7
2.843	14.9
2.837	17.4
2.832	19.9
2.827	21.8
2.821	24.2
2.816	27.5
2.811	31.3
2.805	33.8
2.800	34.7
2.795	34.6
2.789	34.5
2.784	34.5
2.779	34.1
2.773	32.6
2.768	30.5
2.763	27.7
2.757	24.9
2.752	22.0
2.747	19.2
2.741	16.8
2.736	13.5
2.731	12.4
2.725	11.6
2.720	11.1
2.715	11.1
2.709	11.5
2.704	12.8
2.699	15.1
2.693	17.9
2.688	20.3
2.683	22.1
2.677	24.1
2.672	26.9
2.667	30.1
2.661	32.6
2.656	34.1
2.651	34.6
2.645	34.7
2.640	35.1
2.635	35.2
2.629	34.5
2.624	32.9
2.619	30.5
2.613	27.6
2.608	24.8
2.602	21.7
2.597	19.0
2.592	16.5
2.586	14.5
2.581	12.8
2.576	11.9
2.570	11.1
2.565	10.9
2.560	11.0
2.554	12.0
2.549	13.9
2.544	16.5
2.538	19.1
2.533	21.4
2.528	23.3
2.522	25.7
2.517	28.7
2.512	32.3
2.506	35.1
2.501	36.6
2.496	36.9
2.490	36.6
2.485	36.5
2.480	36.5
2.474	35.8
2.469	34.2
2.464	32.0
2.458	29.5
2.453	26.6
2.448	23.8
2.442	20.8
2.437	18.2
2.432	15.8
2.426	13.9
2.421	12.4
2.416	11.5
2.410	11.0
2.405	10.8
2.400	10.8
2.394	11.9
2.389	13.4
2.384	15.7
2.378	18.2
2.373	20.7
2.368	22.6
2.362	24.7
2.357	27.2
2.352	30.4
2.346	33.7
2.341	36.2
2.336	37.4
2.330	37.7
2.325	37.5
2.320	37.4
2.314	37.2
2.309	36.5
2.304	34.9
2.298	32.7
2.293	30.4
2.288	27.9
2.282	25.3
2.277	22.5
2.272	19.8
2.266	17.4
2.261	15.2
2.256	13.5
2.250	12.3
2.245	11.4
2.240	10.7
2.234	10.5
2.229	10.6
2.223	11.0
2.218	12.1
2.213	14.0
2.207	16.3
2.202	18.9
2.197	21.3
2.191	22.9
2.186	24.5
2.181	26.3
2.175	28.4
2.170	30.7
2.165	32.5
2.159	34.1
2.154	35.0
2.149	35.6
2.143	36.0
2.138	36.5
2.133	36.8
2.127	36.5
2.122	35.4
2.117	33.7
2.111	31.5
2.106	29.1
2.101	26.4
2.095	23.6
2.090	20.8
2.085	18.3
2.079	15.9
2.074	14.1
2.069	12.6
2.063	11.7
2.058	10.9
2.053	10.4
2.047	10.3
2.042	10.6
2.037	10.9
2.031	11.8
2.026	13.4
2.021	15.4
2.015	17.9
2.010	20.3
2.005	22.5
1.999	24.4
1.994	26.4
1.989	28.6
1.983	31.4
1.978	34.2
1.972	36.7
1.967	38.4
1.962	39.2
1.956	39.2
1.951	38.9
1.946	38.6
1.940	38.4
1.935	38.1
1.930	37.4
1.924	36.1
1.919	34.3
1.914	32.2
1.908	30.0
1.903	27.5
1.898	25.0
1.892	22.2
1.887	19.7
1.882	17.3
1.876	15.2
1.871	13.6
1.866	12.4
1.860	11.5
1.855	10.7
1.850	10.3
1.844	10.2
1.839	10.2
1.834	10.4
1.828	10.9
1.823	11.7
1.818	13.2
1.812	15.1
1.807	17.3
1.802	19.6
1.796	21.8
1.791	23.7
1.786	25.6
1.780	27.5
1.775	29.5
1.769	31.9
1.764	34.6
1.759	37.1
1.753	39.0
1.748	40.2
1.743	40.6
1.737	40.5
1.732	40.2
1.727	39.8
1.721	39.6
1.716	39.2
1.711	38.6
1.705	37.5
1.700	36.1
1.695	34.4
1.689	32.4
1.684	30.4
1.679	28.1
1.673	25.7
1.668	23.1
1.663	20.6
1.657	18.3
1.652	16.3
1.647	14.7
1.641	13.2
1.636	12.2
1.631	11.4
1.625	10.8
1.620	10.4
1.615	10.3
1.609	10.2
1.604	10.3
1.599	10.6
1.593	10.9
1.588	11.6
1.582	12.7
1.577	14.1
1.572	15.7
1.566	17.6
1.561	19.6
1.556	21.6
1.550	23.7
1.545	25.7
1.540	27.6
1.534	29.4
1.529	31.4
1.524	33.5
1.518	35.9
1.513	38.0
1.508	39.7
1.502	41.0
1.497	41.6
1.492	41.8
1.486	41.6
1.481	41.3
1.476	40.9
1.470	40.5
1.465	40.2
1.460	39.7
1.454	38.9
1.449	37.9
1.444	36.7
1.438	35.2
1.433	33.6
1.428	31.8
1.422	29.9
1.417	27.6
1.411	25.4
1.406	23.1
1.401	20.8
1.395	18.8
1.390	17.1
1.385	15.5
1.379	14.1
1.374	13.1
1.369	11.7
1.363	11.3
1.358	10.9
1.353	10.5
1.347	10.3
1.342	10.2
1.337	10.2
1.331	10.2
1.326	10.4
1.321	10.7
1.315	11.1
1.310	11.8
1.305	12.6
1.299	13.8
1.294	15.4
1.289	17.0
1.283	19.0
1.278	20.9
1.273	22.6
1.267	24.3
1.262	25.9
1.256	27.4
1.251	28.7
1.246	30.0
1.240	31.4
1.235	33.0
1.230	34.8
1.224	36.7
1.219	38.5
1.214	40.1
1.208	41.4
1.203	42.4
1.198	42.9
1.192	43.2
1.187	43.2
1.182	43.0
1.176	42.6
1.171	42.2
1.166	41.8
1.160	41.4
1.155	41.0
1.150	40.6
1.144	40.0
1.139	39.3
1.134	38.3
1.128	37.2
1.123	35.9
1.118	34.4
1.112	32.9
1.107	31.4
1.101	29.7
1.096	27.7
1.091	25.8
1.085	23.8
1.080	21.9
1.075	20.2
1.069	18.7
1.064	17.4
1.059	16.2
1.053	15.1
1.048	14.2
1.043	13.4
1.037	12.7
1.032	12.1
1.027	11.3
1.021	11.0
1.016	10.7
1.011	10.4
1.005	10.3
1.000	10.2
0.995	10.2
0.989	10.2
0.984	10.2
0.979	10.2
0.973	10.4
0.968	10.6
0.962	10.8
0.957	11.1
0.952	11.6
0.946	12.2
0.941	13.1
0.936	14.0
0.930	15.1
0.925	16.3
0.920	17.6
0.914	19.1
0.909	20.7
0.904	22.1
0.898	23.4
0.893	24.6
0.888	25.9
0.882	27.1
0.877	28.1
0.872	28.9
0.866	29.7
0.861	30.5
0.856	31.2
0.850	31.8
0.845	32.8
0.840	33.9
0.834	35.1
0.829	36.4
0.823	37.9
0.818	39.5
0.813	40.9
0.807	42.1
0.802	43.0
0.797	43.7
0.791	44.2
0.786	44.5
0.781	44.5
0.775	44.5
0.770	44.4
0.765	44.2
0.759	43.9
0.754	43.5
0.749	42.7
0.743	42.0
0.738	41.4
0.733	40.9
0.727	40.5
0.722	40.3
0.717	40.2
0.711	40.3
0.706	40.3
0.701	40.3
0.695	40.2
0.690	39.8
0.684	39.4
0.679	38.7
0.674	38.1
0.668	37.4
0.663	36.5
0.658	35.6
0.652	34.7
0.647	33.8
0.642	32.7
0.636	31.7
0.631	30.5
0.626	29.2
0.620	27.9
0.615	26.6
0.610	25.6
0.604	24.6
0.599	23.6
0.594	22.7
0.588	21.8
0.583	21.0
0.578	20.2
0.572	19.3
0.567	18.5
0.561	17.8
0.556	17.1
0.551	16.6
0.545	16.1
0.540	15.5
0.535	15.1
0.529	14.6
0.524	14.2
0.519	13.6
0.513	13.2
0.508	12.9
0.503	12.6
0.497	12.4
0.492	12.2
0.487	11.9
0.481	11.9
0.476	11.7
0.471	11.4
0.465	11.2
0.460	11.1
0.455	11.1
0.449	10.9
0.444	10.6
0.438	10.5
0.433	10.4
0.428	10.4
0.422	10.4
0.417	10.4
0.412	10.4
0.406	10.4
0.401	10.4
0.396	10.4
0.390	10.4
0.385	10.5
0.380	10.5
0.374	10.6
0.369	10.6
0.364	10.6
0.358	10.6
0.353	10.7
0.348	10.7
0.342	11.0
0.337	11.0
0.332	11.0
0.326	11.0
0.321	11.1
0.316	11.1
0.310	11.2
0.305	11.3
0.299	11.6
0.294	11.8
0.289	11.9
0.283	12.0
0.278	12.2
0.273	12.3
0.267	12.5
0.262	12.6
0.257	12.8
0.251	12.9
0.246	13.2
0.241	13.4
0.235	13.6
0.230	13.8
0.225	14.1
0.219	14.3
0.214	14.6
0.209	14.9
0.203	15.1
0.198	15.3
0.193	15.6
0.187	15.8
0.182	15.9
0.176	16.1
0.171	16.3
0.166	16.5
0.160	16.7
0.155	16.8
0.150	17.1
0.144	17.1
0.139	17.3
0.134	17.5
0.128	17.8
0.123	18.0
0.118	18.3
0.112	18.3
0.107	18.6
0.102	18.7
0.096	18.9
0.091	19.0
0.086	19.1
0.080	19.2
0.075	19.2
0.070	19.3
0.064	19.3
0.059	19.3
0.053	19.3
0.048	19.3
0.043	19.4
0.037	19.4
0.032	19.4
0.027	19.4
0.021	19.5
0.016	19.6
0.011	19.7
0.005	19.7
0.000	19.9
-0.005	19.8
-0.011	19.7
-0.016	19.6
-0.021	19.6
-0.027	19.3
-0.032	19.1
-0.037	18.7
-0.043	18.2
-0.048	17.8
-0.053	17.3
-0.059	16.9
-0.064	16.6
-0.070	16.6
-0.075	16.6
-0.080	16.8
-0.086	17.0
-0.091	17.0
-0.096	17.0
-0.102	17.0
-0.107	16.8
-0.112	16.7
-0.118	16.6
-0.123	16.4
-0.128	16.2
-0.134	15.9
-0.139	15.8
-0.144	15.5
-0.150	15.2
-0.155	15.0
-0.160	14.7
-0.166	14.4
-0.171	14.2
-0.176	14.1
-0.182	13.9
-0.187	13.7
-0.193	13.7
-0.198	13.5
-0.203	13.5
-0.209	13.4
-0.214	13.2
-0.219	13.1
-0.225	13.0
-0.230	12.8
-0.235	12.7
-0.241	12.5
-0.246	12.3
-0.251	11.9
-0.257	11.8
-0.262	11.5
-0.267	11.1
-0.273	11.0
-0.278	11.0
-0.283	10.9
-0.289	10.9
-0.294	10.9
-0.299	10.9
-0.305	11.0
-0.310	11.0
-0.316	11.1
-0.321	11.1
-0.326	11.2
-0.332	11.2
-0.337	11.3
-0.342	11.6
-0.348	11.5
-0.353	11.5
-0.358	11.5
-0.364	11.5
-0.369	11.4
-0.374	11.4
-0.380	11.4
-0.385	11.5
-0.390	11.5
-0.396	11.7
-0.401	11.8
-0.406	11.9
-0.412	12.1
-0.417	12.5
-0.422	12.7
-0.428	13.0
-0.433	13.3
-0.438	13.6
-0.444	13.9
-0.449	14.3
-0.455	14.6
-0.460	15.0
-0.465	15.4
-0.471	15.8
-0.476	16.0
-0.481	16.4
-0.487	16.8
-0.492	17.1
-0.497	17.5
-0.503	18.1
-0.508	18.6
-0.513	19.3
-0.519	20.1
-0.524	21.0
-0.529	21.9
-0.535	22.8
-0.540	23.9
-0.545	24.9
-0.551	26.0
-0.556	27.2
-0.561	28.3
-0.567	29.3
-0.572	30.3
-0.578	31.3
-0.583	32.4
-0.588	33.6
-0.594	34.6
-0.599	35.6
-0.604	36.7
-0.610	37.6
-0.615	38.5
-0.620	39.4
-0.626	40.2
-0.631	40.8
-0.636	41.1
-0.642	41.3
-0.647	41.5
-0.652	41.4
-0.658	41.4
-0.663	41.4
-0.668	41.5
-0.674	41.6
-0.679	41.8
-0.684	42.3
-0.690	42.5
-0.695	42.8
-0.701	43.3
-0.706	43.8
-0.711	44.2
-0.717	44.7
-0.722	45.1
-0.727	45.5
-0.733	45.5
-0.738	45.2
-0.743	44.5
-0.749	43.6
-0.754	42.2
-0.759	40.5
-0.765	38.7
-0.770	37.2
-0.775	35.5
-0.781	34.1
-0.786	32.8
-0.791	31.9
-0.797	31.1
-0.802	30.7
-0.807	30.3
-0.813	30.1
-0.818	29.7
-0.823	29.3
-0.829	28.5
-0.834	27.7
-0.840	26.5
-0.845	25.2
-0.850	23.6
-0.856	22.0
-0.861	20.3
-0.866	18.7
-0.872	17.1
-0.877	15.9
-0.882	14.7
-0.888	13.8
-0.893	13.0
-0.898	12.5
-0.904	12.0
-0.909	11.7
-0.914	11.4
-0.920	11.5
-0.925	11.4
-0.930	11.4
-0.936	11.4
-0.941	11.5
-0.946	11.5
-0.952	11.7
-0.957	11.9
-0.962	12.3
-0.968	12.7
-0.973	13.5
-0.979	14.2
-0.984	15.0
-0.989	15.8
-0.995	16.7
-1.000	17.5
-1.005	18.4
-1.011	19.6
-1.016	20.9
-1.021	22.2
-1.027	24.5
-1.032	25.6
-1.037	27.2
-1.043	28.7
-1.048	30.3
-1.053	31.9
-1.059	33.7
-1.064	35.4
-1.069	37.0
-1.075	38.3
-1.080	39.4
-1.085	40.1
-1.091	40.5
-1.096	40.6
-1.101	40.6
-1.107	40.6
-1.112	41.0
-1.118	41.3
-1.123	41.9
-1.128	42.4
-1.134	43.1
-1.139	43.4
-1.144	43.2
-1.150	42.4
-1.155	41.0
-1.160	39.1
-1.166	37.1
-1.171	34.8
-1.176	33.0
-1.182	31.5
-1.187	30.3
-1.192	29.4
-1.198	28.5
-1.203	27.4
-1.208	26.2
-1.214	24.9
-1.219	23.3
-1.224	21.3
-1.230	19.4
-1.235	17.8
-1.240	16.2
-1.246	15.0
-1.251	14.1
-1.256	13.3
-1.262	12.9
-1.267	12.7
-1.273	12.7
-1.278	12.7
-1.283	12.7
-1.289	12.7
-1.294	13.1
-1.299	13.5
-1.305	13.9
-1.310	14.5
-1.315	15.2
-1.321	16.0
-1.326	17.0
-1.331	18.2
-1.337	19.5
-1.342	21.1
-1.347	22.6
-1.353	24.4
-1.358	26.4
-1.363	28.3
-1.369	31.3
-1.374	32.6
-1.379	34.0
-1.385	35.3
-1.390	36.5
-1.395	37.5
-1.401	38.2
-1.406	38.5
-1.411	38.6
-1.417	38.6
-1.422	38.6
-1.428	38.4
-1.433	38.3
-1.438	38.0
-1.444	37.5
-1.449	36.6
-1.454	35.2
-1.460	33.4
-1.465	31.8
-1.470	30.3
-1.476	29.1
-1.481	28.0
-1.486	26.9
-1.492	25.7
-1.497	24.3
-1.502	22.4
-1.508	20.3
-1.513	18.3
-1.518	16.3
-1.524	14.7
-1.529	13.5
-1.534	12.7
-1.540	12.2
-1.545	11.8
-1.550	11.6
-1.556	11.7
-1.561	11.9
-1.566	12.3
-1.572	13.1
-1.577	14.1
-1.582	15.4
-1.588	16.7
-1.593	18.2
-1.599	19.9
-1.604	21.7
-1.609	23.6
-1.615	25.7
-1.620	27.9
-1.625	30.1
-1.631	32.2
-1.636	34.3
-1.641	35.8
-1.647	36.9
-1.652	37.4
-1.657	37.5
-1.663	37.5
-1.668	37.5
-1.673	37.7
-1.679	38.0
-1.684	38.1
-1.689	38.0
-1.695	37.2
-1.700	35.5
-1.705	33.3
-1.711	30.0
-1.716	28.4
-1.721	26.8
-1.727	25.5
-1.732	24.2
-1.737	22.6
-1.743	20.6
-1.748	18.6
-1.753	16.6
-1.759	14.9
-1.764	13.7
-1.769	13.0
-1.775	12.6
-1.780	12.6
-1.786	12.8
-1.791	13.2
-1.796	13.9
-1.802	14.7
-1.807	15.7
-1.812	16.9
-1.818	18.3
-1.823	19.9
-1.828	21.7
-1.834	23.5
-1.839	25.5
-1.844	27.7
-1.850	29.8
-1.855	31.8
-1.860	33.8
-1.866	35.1
-1.871	36.0
-1.876	36.1
-1.882	35.9
-1.887	35.7
-1.892	35.7
-1.898	35.8
-1.903	35.8
-1.908	35.2
-1.914	33.7
-1.919	31.6
-1.924	29.2
-1.930	27.1
-1.935	25.5
-1.940	24.0
-1.946	22.4
-1.951	20.5
-1.956	18.5
-1.962	16.6
-1.967	14.9
-1.972	13.7
-1.978	13.1
-1.983	12.9
-1.989	13.0
-1.994	13.4
-1.999	14.1
-2.005	15.0
-2.010	16.1
-2.015	17.3
-2.021	18.9
-2.026	20.5
-2.031	22.3
-2.037	24.3
-2.042	26.6
-2.047	28.8
-2.053	32.1
-2.058	33.3
-2.063	34.3
-2.069	34.8
-2.074	35.0
-2.079	34.9
-2.085	34.8
-2.090	34.9
-2.095	34.9
-2.101	34.4
-2.106	32.9
-2.111	30.8
-2.117	28.2
-2.122	25.9
-2.127	23.9
-2.133	22.0
-2.138	20.3
-2.143	18.4
-2.149	16.4
-2.154	14.6
-2.159	13.4
-2.165	12.6
-2.170	12.3
-2.175	12.3
-2.181	12.8
-2.186	13.7
-2.191	14.9
-2.197	16.1
-2.202	17.7
-2.207	19.3
-2.213	21.2
-2.218	23.2
-2.223	25.5
-2.229	27.7
-2.234	29.8
-2.240	31.7
-2.245	33.0
-2.250	33.6
-2.256	33.6
-2.261	33.4
-2.266	33.2
-2.272	33.1
-2.277	32.6
-2.282	31.4
-2.288	29.4
-2.293	27.0
-2.298	25.1
-2.304	23.4
-2.309	21.8
-2.314	20.2
-2.320	18.3
-2.325	16.6
-2.330	15.3
-2.336	14.3
-2.341	13.9
-2.346	14.0
-2.352	14.4
-2.357	15.2
-2.362	16.1
-2.368	17.3
-2.373	18.5
-2.378	20.1
-2.384	22.0
-2.389	23.8
-2.394	27.0
-2.400	28.5
-2.405	30.0
-2.410	31.0
-2.416	31.6
-2.421	31.6
-2.426	31.3
-2.432	31.1
-2.437	31.1
-2.442	30.6
-2.448	29.2
-2.453	27.0
-2.458	24.7
-2.464	22.6
-2.469	20.9
-2.474	19.2
-2.480	17.6
-2.485	15.9
-2.490	14.6
-2.496	13.8
-2.501	13.6
-2.506	13.9
-2.512	14.7
-2.517	15.5
-2.522	16.6
-2.528	17.8
-2.533	19.4
-2.538	21.0
-2.544	22.9
-2.549	24.8
-2.554	26.8
-2.560	28.5
-2.565	30.0
-2.570	30.8
-2.576	30.8
-2.581	30.5
-2.586	30.3
-2.592	30.1
-2.597	29.4
-2.602	27.9
-2.608	25.9
-2.613	23.8
-2.619	21.9
-2.624	20.3
-2.629	18.8
-2.635	17.2
-2.640	16.0
-2.645	15.0
-2.651	14.7
-2.656	14.7
-2.661	15.4
-2.667	16.2
-2.672	17.2
-2.677	18.4
-2.683	20.0
-2.688	21.7
-2.693	23.4
-2.699	25.2
-2.704	26.8
-2.709	28.3
-2.715	29.2
-2.720	29.3
-2.725	28.9
-2.731	28.5
-2.736	27.9
-2.741	27.1
-2.747	25.8
-2.752	23.9
-2.757	21.7
-2.763	19.9
-2.768	18.4
-2.773	16.9
-2.779	15.6
-2.784	14.3
-2.789	13.7
-2.795	13.7
-2.800	14.1
-2.805	14.9
-2.811	16.1
-2.816	17.3
-2.821	18.9
-2.827	20.5
-2.832	22.1
-2.837	23.7
-2.843	25.4
-2.848	26.8
-2.853	27.8
-2.859	28.1
-2.864	27.7
-2.869	27.3
-2.875	26.9
-2.880	26.0
-2.885	24.6
-2.891	22.5
-2.896	20.5
-2.901	18.9
-2.907	17.7
-2.912	16.4
-2.917	15.3
-2.923	14.6
-2.928	14.5
-2.933	14.8
-2.939	15.6
-2.944	16.4
-2.949	17.6
-2.955	19.1
-2.960	20.7
-2.965	22.3
-2.971	23.8
-2.976	25.1
-2.981	26.3
-2.987	27.1
-2.992	27.1
-2.997	26.7
-3.003	26.1
-3.008	25.4
-3.013	24.5
-3.019	22.9
-3.024	21.0
-3.029	19.2
-3.035	17.9
-3.040	16.6
-3.045	15.5
-3.051	14.5
-3.056	14.0
-3.061	14.1
-3.067	14.7
-3.072	15.5
-3.077	17.0
-3.083	18.0
-3.088	19.4
-3.093	20.9
-3.099	22.3
-3.104	23.5
-3.109	24.4
-3.115	24.8
-3.120	24.8
-3.125	24.4
-3.131	24.0
-3.136	23.2
-3.141	21.9
-3.147	20.2
-3.152	18.5
-3.157	16.9
-3.163	15.4
-3.168	14.1
-3.173	13.0
-3.179	12.3
-3.184	12.2
-3.189	12.5
-3.195	13.3
-3.200	14.4
-3.205	15.6
-3.211	16.8
-3.216	18.3
-3.221	19.7
-3.227	20.9
-3.232	21.8
-3.237	22.1
-3.243	22.0
-3.248	21.7
-3.253	21.2
-3.259	20.3
-3.264	18.8
-3.269	17.2
-3.275	15.6
-3.280	14.1
-3.285	12.8
-3.291	11.6
-3.296	10.8
-3.301	10.4
-3.306	10.5
-3.312	10.9
-3.317	11.7
-3.322	12.8
-3.328	14.0
-3.333	15.5
-3.338	16.8
-3.344	18.1
-3.349	19.0
-3.354	19.4
-3.360	19.4
-3.365	19.0
-3.370	18.6
-3.376	17.8
-3.381	16.6
-3.386	15.1
-3.392	13.6
-3.397	12.3
-3.402	11.1
-3.408	9.9
-3.413	9.1
-3.418	8.7
-3.424	8.9
-3.429	9.4
-3.434	10.2
-3.440	11.1
-3.445	12.2
-3.450	13.4
-3.456	14.7
-3.461	15.7
-3.466	16.5
-3.472	16.9
-3.477	16.9
-3.482	16.6
-3.488	16.1
-3.493	15.2
-3.498	13.7
-3.504	12.4
-3.509	11.1
-3.514	9.9
-3.520	8.7
-3.525	7.9
-3.530	7.5
-3.536	7.5
-3.541	7.9
-3.546	8.5
-3.552	9.3
-3.557	10.3
-3.562	11.4
-3.568	12.5
-3.573	13.4
-3.578	13.9
-3.584	14.1
-3.589	14.1
-3.594	13.7
-3.600	13.1
-3.605	12.2
-3.610	11.2
-3.616	10.1
-3.621	8.9
-3.626	7.7
-3.632	7.0
-3.637	6.5
-3.642	6.4
-3.647	6.4
-3.653	6.8
-3.658	7.4
-3.663	8.2
-3.669	9.0
-3.674	9.8
-3.679	10.6
-3.685	11.2
-3.690	11.5
-3.695	11.6
-3.701	11.3
-3.706	10.9
-3.711	10.1
-3.717	9.3
-3.722	8.4
-3.727	7.4
-3.733	6.6
-3.738	5.9
-3.743	5.4
-3.749	5.4
-3.754	5.4
-3.759	5.8
-3.765	6.1
-3.770	6.6
-3.775	7.2
-3.781	7.9
-3.786	8.5
-3.791	8.9
-3.797	9.0
-3.802	9.0
-3.807	8.8
-3.813	8.3
-3.818	7.6
-3.823	7.0
-3.829	6.3
-3.834	5.7
-3.839	5.1
-3.844	4.7
-3.850	4.4
-3.855	4.4
-3.860	4.4
-3.866	4.5
-3.871	4.9
-3.876	5.4
-3.882	5.8
-3.887	6.2
-3.892	6.3
-3.898	6.4
-3.903	6.4
-3.908	6.4
-3.914	6.1
-3.919	5.8
-3.924	5.3
-3.930	4.9
-3.935	4.5
-3.940	4.0
-3.946	3.7
-3.951	3.6
-3.956	3.6
-3.962	3.6
-3.967	3.7
-3.972	3.9
-3.978	4.2
-3.983	4.4
-3.988	4.5
-3.994	4.6
-3.999	4.6
-4.004	4.6
-4.009	4.6
-4.015	4.6
-4.020	4.3
-4.025	4.0
-4.031	3.7
-4.036	3.4
-4.041	3.1
-4.047	3.1
-4.052	3.1
-4.057	3.1
-4.063	3.1
-4.068	3.1
-4.073	3.1
-4.079	3.2
-4.084	3.3
-4.089	3.4
-4.095	3.4
-4.100	3.7
-4.105	3.5
-4.111	3.4
-4.116	3.3
-4.121	3.1
-4.127	3.0
-4.132	2.9
-4.137	2.7
-4.143	2.6
-4.148	2.5
-4.153	2.5
-4.158	2.4
-4.164	2.4
-4.169	2.5
-4.174	2.5
-4.180	2.5
-4.185	2.5
-4.190	2.5
-4.196	2.5
-4.201	2.5
-4.206	2.6
-4.212	2.5
-4.217	2.5
-4.222	2.4
-4.228	2.3
-4.233	2.3
-4.238	2.3
-4.244	2.3
-4.249	2.3
-4.254	2.2
-4.260	2.2
-4.265	2.2
-4.270	2.2
-4.275	2.2
-4.281	2.2
-4.286	2.2
-4.291	2.2
-4.297	2.2
-4.302	2.2
-4.307	2.2
-4.313	2.2
-4.318	2.2
-4.323	2.2
-4.329	2.2
-4.334	2.2
-4.339	2.1
-4.345	2.1
-4.350	2.1
-4.355	2.1
-4.361	2.2
-4.366	2.2
-4.371	2.2
-4.377	2.1
-4.382	2.1
-4.387	2.1
-4.392	2.1
-4.398	2.1
-4.403	2.1
-4.408	2.1
-4.414	2.1
-4.419	2.1
-4.424	2.1
-4.430	2.1
-4.435	2.0
-4.440	2.0
-4.446	2.0
-4.451	2.0
-4.456	1.9
-4.462	1.9
-4.467	1.9
-4.472	1.9
-4.478	1.9
-4.483	1.9
-4.488	1.9
-4.493	1.9
-4.499	1.9
-4.504	1.9
-4.509	1.9
-4.515	1.9
-4.520	1.8
-4.525	1.8
-4.531	1.8
-4.536	1.8
-4.541	1.8
-4.547	1.8
-4.552	1.8
-4.557	1.8
-4.563	1.8
-4.568	1.8
-4.573	1.8
-4.578	1.8
-4.584	1.8
-4.589	1.8
-4.594	1.8
-4.600	1.8
-4.605	1.8
-4.610	1.8
-4.616	1.8
-4.621	1.8
-4.626	1.8
-4.632	1.8
-4.637	1.8
-4.642	1.8
-4.648	1.8
-4.653	1.8
-4.658	1.8
-4.663	1.8
-4.669	1.8
-4.674	1.8
-4.679	1.8
-4.685	1.8
-4.690	1.8
-4.695	1.8
-4.701	1.8
-4.706	1.8
-4.711	1.8
-4.717	1.8
-4.722	1.8
-4.727	1.8
-4.733	1.8
-4.738	1.8
-4.743	1.8
-4.748	1.8
-4.754	1.8
-4.759	1.8
-4.764	1.8
-4.770	1.8
-4.775	1.8
-4.780	1.9
-4.786	1.8
-4.791	1.8
-4.796	1.7
-4.802	1.8
-4.807	1.8
-4.812	1.8
-4.818	1.8
-4.823	1.8
-4.828	1.7
-4.833	1.7
-4.839	1.7
-4.844	1.7
-4.849	1.7
-4.855	1.7
-4.860	1.6
-4.865	1.6
-4.871	1.6
-4.876	1.6
-4.881	1.6
-4.887	1.6
-4.892	1.6
-4.897	1.6
-4.902	1.6
-4.908	1.6
-4.913	1.6
-4.918	1.6
-4.924	1.6
-4.929	1.6
-4.934	1.6
-4.940	1.6
-4.945	1.5
-4.950	1.5
-4.956	1.5
-4.961	1.5
-4.966	1.5
-4.971	1.5
-4.977	1.5
-4.982	1.5
-4.987	1.5
-4.993	1.5
-4.998	1.5
-5.003	1.5
-5.009	1.5
-5.014	1.5
-5.019	1.5
-5.025	1.5
-5.030	1.5
-5.035	1.5
-5.040	1.5
-5.046	1.5
-5.051	1.5
-5.056	1.5
-5.062	1.5
-5.067	1.5
-5.072	1.5
-5.078	1.5
-5.083	1.5
-5.088	1.5
-5.094	1.5
-5.099	1.5
-5.104	1.5
-5.109	1.5
-5.115	1.5
-5.120	1.7
-5.125	1.6
-5.131	1.6
-5.136	1.5
-5.141	1.5
-5.147	1.5
-5.152	1.5
-5.157	1.5
-5.162	1.5
-5.168	1.5
-5.173	1.5
-5.178	1.4
-5.184	1.5
-5.189	1.5
-5.194	1.5
-5.200	1.4
-5.205	1.4
-5.210	1.4
-5.216	1.4
-5.221	1.4
-5.226	1.4
-5.231	1.4
-5.237	1.4
-5.242	1.4
-5.247	1.4
-5.253	1.4
-5.258	1.4
-5.263	1.4
-5.269	1.4
-5.274	1.4
-5.279	1.4
-5.284	1.4
-5.290	1.4
-5.295	1.4
-5.300	1.4
-5.306	1.4
-5.311	1.4
-5.316	1.4
-5.322	1.4
-5.327	1.4
-5.332	1.4
-5.337	1.4
-5.343	1.4
-5.348	1.4
-5.353	1.4
-5.359	1.4
-5.364	1.4
-5.369	1.4
-5.375	1.4
-5.380	1.4
-5.385	1.4
-5.390	1.4
-5.396	1.4
-5.401	1.4
-5.406	1.4
-5.412	1.4
-5.417	1.4
-5.422	1.4
-5.428	1.4
-5.433	1.4
-5.438	1.4
-5.443	1.4
-5.449	1.4
-5.454	1.4
