
5.459	0.7
5.454	0.6
5.449	0.6
5.443	0.6
5.438	0.6
5.433	0.6
5.428	0.5
5.422	0.5
5.417	0.5
5.412	0.6
5.406	0.6
5.401	0.6
5.396	0.6
5.390	0.6
5.385	0.7
5.380	0.6
5.375	0.6
5.369	0.6
5.364	0.7
5.359	0.6
5.353	0.7
5.348	0.7
5.343	0.7
5.337	0.7
5.332	0.7
5.327	0.7
5.322	0.7
5.316	0.7
5.311	0.7
5.306	0.7
5.300	0.7
5.295	0.7
5.290	0.7
5.284	0.7
5.279	0.7
5.274	0.8
5.269	0.9
5.263	1.0
5.258	1.0
5.253	1.1
5.247	1.1
5.242	1.1
5.237	1.1
5.231	1.1
5.226	1.0
5.221	1.0
5.216	0.9
5.210	0.9
5.205	1.0
5.200	1.1
5.194	1.2
5.189	1.2
5.184	1.2
5.178	1.2
5.173	1.2
5.168	1.1
5.162	1.0
5.157	0.9
5.152	0.8
5.147	0.8
5.141	0.8
5.136	0.8
5.131	0.8
5.125	0.8
5.120	1.2
5.115	1.3
5.109	1.6
5.104	1.8
5.099	2.2
5.094	2.4
5.088	2.5
5.083	2.5
5.078	2.4
5.072	2.3
5.067	2.1
5.062	2.0
5.056	1.9
5.051	2.0
5.046	2.2
5.040	2.5
5.035	2.9
5.030	3.3
5.025	3.7
5.019	4.0
5.014	4.0
5.009	4.0
5.003	3.9
4.998	3.5
4.993	3.2
4.987	2.8
4.982	2.6
4.977	2.5
4.971	2.6
4.966	2.9
4.961	3.3
4.956	3.9
4.950	4.6
4.945	5.1
4.940	5.5
4.934	5.6
4.929	5.6
4.924	5.5
4.918	5.1
4.913	4.7
4.908	4.1
4.902	3.7
4.897	3.5
4.892	3.5
4.887	3.7
4.881	4.1
4.876	4.9
4.871	5.6
4.865	6.5
4.860	7.2
4.855	7.6
4.849	7.7
4.844	7.4
4.839	6.8
4.833	6.3
4.828	5.6
4.823	5.1
4.818	4.7
4.812	4.4
4.807	4.4
4.802	4.9
4.796	5.7
4.791	6.6
4.786	7.8
4.780	9.5
4.775	9.7
4.770	10.0
4.764	9.9
4.759	9.5
4.754	8.8
4.748	7.9
4.743	7.1
4.738	6.3
4.733	5.7
4.727	5.4
4.722	5.6
4.717	6.0
4.711	6.9
4.706	8.2
4.701	9.4
4.695	10.5
4.690	11.3
4.685	11.8
4.679	11.9
4.674	11.5
4.669	10.7
4.663	9.6
4.658	8.6
4.653	7.6
4.648	6.8
4.642	6.5
4.637	6.7
4.632	7.4
4.626	8.5
4.621	9.7
4.616	11.1
4.610	12.5
4.605	13.6
4.600	14.1
4.594	14.1
4.589	13.7
4.584	12.9
4.578	11.9
4.573	10.7
4.568	9.5
4.563	8.4
4.557	7.9
4.552	8.0
4.547	8.6
4.541	9.4
4.536	10.8
4.531	12.4
4.525	13.7
4.520	15.1
4.515	15.9
4.509	16.1
4.504	15.8
4.499	14.9
4.493	13.8
4.488	12.4
4.483	10.9
4.478	9.7
4.472	9.0
4.467	9.0
4.462	9.5
4.456	10.2
4.451	11.5
4.446	13.1
4.440	15.8
4.435	16.6
4.430	17.5
4.424	18.0
4.419	18.0
4.414	17.5
4.408	16.7
4.403	15.5
4.398	14.0
4.392	12.5
4.387	11.3
4.382	10.5
4.377	10.3
4.371	10.7
4.366	11.6
4.361	13.0
4.355	14.6
4.350	16.0
4.345	17.5
4.339	18.6
4.334	19.1
4.329	19.0
4.323	18.5
4.318	17.5
4.313	16.3
4.307	14.8
4.302	13.5
4.297	12.3
4.291	11.6
4.286	11.3
4.281	11.8
4.275	12.7
4.270	14.3
4.265	15.9
4.260	17.4
4.254	18.8
4.249	19.9
4.244	20.4
4.238	20.5
4.233	19.9
4.228	19.0
4.222	17.8
4.217	16.4
4.212	14.8
4.206	13.6
4.201	12.6
4.196	12.2
4.190	12.5
4.185	13.3
4.180	14.7
4.174	16.4
4.169	18.1
4.164	19.6
4.158	20.8
4.153	21.8
4.148	22.0
4.143	21.6
4.137	20.6
4.132	19.3
4.127	17.9
4.121	16.4
4.116	14.9
4.111	13.7
4.105	12.9
4.100	12.5
4.095	13.3
4.089	14.3
4.084	15.7
4.079	17.3
4.073	18.9
4.068	20.3
4.063	21.7
4.057	22.8
4.052	23.1
4.047	22.6
4.041	21.5
4.036	20.1
4.031	18.5
4.025	16.9
4.020	15.3
4.015	13.9
4.009	13.1
4.004	13.1
3.999	13.8
3.994	15.0
3.988	16.3
3.983	18.5
3.978	20.5
3.972	22.1
3.967	23.3
3.962	24.4
3.956	24.7
3.951	24.1
3.946	22.9
3.940	21.3
3.935	19.5
3.930	17.8
3.924	16.1
3.919	14.6
3.914	13.4
3.908	13.0
3.903	13.3
3.898	14.4
3.892	15.7
3.887	17.4
3.882	19.9
3.876	22.2
3.871	23.7
3.866	25.0
3.860	25.9
3.855	26.1
3.850	25.3
3.844	23.9
3.839	22.0
3.834	20.0
3.829	18.1
3.823	16.3
3.818	14.6
3.813	13.4
3.807	12.8
3.802	13.1
3.797	14.3
3.791	15.9
3.786	17.5
3.781	19.9
3.775	22.5
3.770	24.5
3.765	25.7
3.759	27.7
3.754	27.7
3.749	26.9
3.743	25.3
3.738	23.3
3.733	21.0
3.727	19.0
3.722	17.0
3.717	15.1
3.711	13.7
3.706	12.8
3.701	12.4
3.695	12.9
3.690	14.5
3.685	16.2
3.679	18.1
3.674	20.8
3.669	23.6
3.663	25.7
3.658	27.0
3.653	28.1
3.647	28.5
3.642	27.9
3.637	26.4
3.632	24.4
3.626	22.1
3.621	19.7
3.616	17.7
3.610	15.7
3.605	14.0
3.600	12.8
3.594	12.2
3.589	12.5
3.584	13.7
3.578	15.5
3.573	17.4
3.568	19.6
3.562	22.3
3.557	24.7
3.552	26.0
3.546	26.8
3.541	27.6
3.536	27.9
3.530	27.1
3.525	25.8
3.520	23.9
3.514	21.6
3.509	19.3
3.504	17.3
3.498	15.3
3.493	13.7
3.488	12.5
3.482	11.8
3.477	12.1
3.472	13.6
3.466	15.6
3.461	17.6
3.456	20.0
3.450	23.0
3.445	26.1
3.440	28.1
3.434	29.2
3.429	29.9
3.424	30.2
3.418	29.9
3.413	27.9
3.408	25.5
3.402	22.9
3.397	20.3
3.392	17.9
3.386	15.7
3.381	13.9
3.376	12.4
3.370	11.6
3.365	11.3
3.360	12.1
3.354	14.0
3.349	16.3
3.344	18.5
3.338	20.9
3.333	24.1
3.328	27.2
3.322	29.2
3.317	29.9
3.312	30.7
3.306	30.9
3.301	30.3
3.296	28.6
3.291	26.4
3.285	23.9
3.280	21.2
3.275	18.8
3.269	16.4
3.264	14.4
3.259	12.9
3.253	11.9
3.248	11.5
3.243	11.6
3.237	12.9
3.232	15.1
3.227	17.4
3.221	19.5
3.216	22.0
3.211	25.4
3.205	28.6
3.200	30.6
3.195	31.5
3.189	32.2
3.184	32.4
3.179	31.6
3.173	30.0
3.168	27.4
3.163	24.7
3.157	21.8
3.152	19.2
3.147	16.7
3.141	14.7
3.136	13.0
3.131	11.9
3.125	11.3
3.120	11.1
3.115	11.9
3.109	13.9
3.104	16.3
3.099	18.7
3.093	21.0
3.088	24.0
3.083	27.7
3.077	32.9
3.072	33.5
3.067	33.7
3.061	33.8
3.056	33.8
3.051	32.7
3.045	30.7
3.040	27.9
3.035	25.1
3.029	22.1
3.024	19.4
3.019	16.9
3.013	14.7
3.008	13.0
3.003	11.9
2.997	11.1
2.992	11.0
2.987	11.4
2.981	12.9
2.976	15.2
2.971	18.0
2.965	20.3
2.960	22.7
2.955	26.0
2.949	29.7
2.944	32.4
2.939	33.5
2.933	33.9
2.928	34.2
2.923	34.1
2.917	33.2
2.912	31.2
2.907	28.5
2.901	25.7
2.896	22.7
2.891	19.9
2.885	17.3
2.880	14.9
2.875	13.1
2.869	11.9
2.864	11.1
2.859	10.7
2.853	10.8
2.848	11.6
2.843	13.7
2.837	16.3
2.832	19.0
2.827	21.4
2.821	24.0
2.816	27.4
2.811	31.3
2.805	33.9
2.800	35.0
2.795	35.2
2.789	35.3
2.784	35.2
2.779	34.3
2.773	32.4
2.768	29.9
2.763	26.9
2.757	24.0
2.752	20.9
2.747	18.3
2.741	15.8
2.736	12.7
2.731	11.8
2.725	11.0
2.720	10.6
2.715	10.5
2.709	10.7
2.704	11.8
2.699	13.9
2.693	16.6
2.688	19.4
2.683	21.6
2.677	23.9
2.672	26.8
2.667	30.0
2.661	32.7
2.656	34.3
2.651	35.1
2.645	35.6
2.640	36.0
2.635	35.9
2.629	34.7
2.624	32.5
2.619	29.7
2.613	26.7
2.608	23.7
2.602	20.6
2.597	17.9
2.592	15.5
2.586	13.6
2.581	12.2
2.576	11.2
2.570	10.6
2.565	10.3
2.560	10.6
2.554	11.4
2.549	12.8
2.544	15.1
2.538	17.9
2.533	20.4
2.528	22.7
2.522	25.4
2.517	28.6
2.512	32.2
2.506	35.1
2.501	36.7
2.496	37.2
2.490	37.4
2.485	37.5
2.480	37.2
2.474	36.1
2.469	34.1
2.464	31.5
2.458	28.6
2.453	25.6
2.448	22.5
2.442	19.7
2.437	17.1
2.432	14.8
2.426	13.1
2.421	11.9
2.416	11.0
2.410	10.5
2.405	10.2
2.400	10.4
2.394	11.1
2.389	12.2
2.384	14.2
2.378	16.7
2.373	19.5
2.368	21.9
2.362	24.3
2.357	27.0
2.352	30.5
2.346	33.8
2.341	36.5
2.336	37.8
2.330	38.2
2.325	38.3
2.320	38.3
2.314	38.0
2.309	36.9
2.304	34.9
2.298	32.5
2.293	29.7
2.288	26.9
2.282	24.2
2.277	21.3
2.272	18.6
2.266	16.2
2.261	14.2
2.256	12.7
2.250	11.5
2.245	10.7
2.240	10.3
2.234	10.0
2.229	10.0
2.223	10.4
2.218	11.2
2.213	12.8
2.207	15.0
2.202	17.7
2.197	20.1
2.191	22.2
2.186	24.1
2.181	26.1
2.175	28.2
2.170	30.6
2.165	32.6
2.159	34.3
2.154	35.5
2.149	36.3
2.143	37.1
2.138	37.6
2.133	37.6
2.127	37.0
2.122	35.4
2.117	33.3
2.111	30.9
2.106	28.1
2.101	25.3
2.095	22.2
2.090	19.4
2.085	17.0
2.079	14.8
2.074	13.2
2.069	12.0
2.063	11.1
2.058	10.4
2.053	9.9
2.047	9.9
2.042	9.9
2.037	10.3
2.031	11.0
2.026	12.2
2.021	14.2
2.015	16.4
2.010	19.0
2.005	21.4
1.999	23.6
1.994	25.9
1.989	28.4
1.983	31.3
1.978	34.4
1.972	37.0
1.967	38.9
1.962	39.8
1.956	40.0
1.951	40.0
1.946	39.9
1.940	39.7
1.935	39.1
1.930	38.0
1.924	36.3
1.919	34.0
1.914	31.6
1.908	29.0
1.903	26.3
1.898	23.6
1.892	20.7
1.887	18.3
1.882	16.0
1.876	14.1
1.871	12.6
1.866	11.6
1.860	10.8
1.855	10.3
1.850	9.9
1.844	9.8
1.839	9.8
1.834	9.9
1.828	10.3
1.823	11.0
1.818	12.2
1.812	13.8
1.807	15.8
1.802	18.2
1.796	20.6
1.791	22.7
1.786	24.9
1.780	26.9
1.775	29.3
1.769	32.0
1.764	34.8
1.759	37.4
1.753	39.4
1.748	40.6
1.743	41.2
1.737	41.3
1.732	41.2
1.727	41.0
1.721	40.8
1.716	40.3
1.711	39.2
1.705	37.8
1.700	35.9
1.695	33.8
1.689	31.6
1.684	29.2
1.679	26.6
1.673	24.0
1.668	21.3
1.663	19.0
1.657	16.8
1.652	15.0
1.647	13.5
1.641	12.3
1.636	11.5
1.631	10.7
1.625	10.3
1.620	9.9
1.615	9.9
1.609	9.7
1.604	9.8
1.599	9.9
1.593	10.3
1.588	10.7
1.582	11.5
1.577	12.7
1.572	14.4
1.566	16.2
1.561	18.3
1.556	20.4
1.550	22.7
1.545	24.9
1.540	27.0
1.534	29.0
1.529	31.4
1.524	33.7
1.518	36.1
1.513	38.4
1.508	40.3
1.502	41.5
1.497	42.2
1.492	42.5
1.486	42.5
1.481	42.3
1.476	42.1
1.470	41.8
1.465	41.5
1.460	40.7
1.454	39.5
1.449	38.1
1.444	36.5
1.438	34.7
1.433	32.6
1.428	30.6
1.422	28.3
1.417	25.9
1.411	23.6
1.406	21.2
1.401	19.2
1.395	17.3
1.390	15.7
1.385	14.2
1.379	13.1
1.374	12.1
1.369	11.1
1.363	10.7
1.358	10.3
1.353	10.0
1.347	9.8
1.342	9.6
1.337	9.6
1.331	9.6
1.326	9.8
1.321	10.0
1.315	10.4
1.310	10.9
1.305	11.6
1.299	12.5
1.294	13.9
1.289	15.5
1.283	17.1
1.278	19.1
1.273	21.1
1.267	23.0
1.262	24.8
1.256	26.5
1.251	28.1
1.246	29.7
1.240	31.3
1.235	33.1
1.230	35.0
1.224	37.1
1.219	39.0
1.214	40.7
1.208	42.0
1.203	43.0
1.198	43.6
1.192	43.9
1.187	44.0
1.182	43.8
1.176	43.7
1.171	43.5
1.166	43.1
1.160	42.8
1.155	42.3
1.150	41.7
1.144	40.8
1.139	39.7
1.134	38.4
1.128	36.9
1.123	35.2
1.118	33.4
1.112	31.8
1.107	30.0
1.101	28.0
1.096	25.9
1.091	24.0
1.085	21.9
1.080	20.2
1.075	18.6
1.069	17.1
1.064	15.9
1.059	14.8
1.053	13.9
1.048	13.1
1.043	12.3
1.037	11.7
1.032	11.3
1.027	10.8
1.021	10.4
1.016	10.1
1.011	9.9
1.005	9.9
1.000	9.7
0.995	9.7
0.989	9.6
0.984	9.6
0.979	9.6
0.973	9.7
0.968	9.9
0.962	10.3
0.957	10.6
0.952	10.9
0.946	11.4
0.941	12.0
0.936	12.7
0.930	13.7
0.925	14.8
0.920	16.0
0.914	17.2
0.909	18.7
0.904	20.1
0.898	21.7
0.893	23.1
0.888	24.6
0.882	25.8
0.877	27.1
0.872	28.3
0.866	29.2
0.861	30.2
0.856	31.0
0.850	31.9
0.845	33.0
0.840	34.2
0.834	35.5
0.829	36.9
0.823	38.5
0.818	40.1
0.813	41.5
0.807	42.7
0.802	43.6
0.797	44.4
0.791	44.8
0.786	45.1
0.781	45.2
0.775	45.1
0.770	45.0
0.765	44.9
0.759	44.7
0.754	44.3
0.749	43.9
0.743	43.4
0.738	42.9
0.733	42.4
0.727	42.0
0.722	41.7
0.717	41.7
0.711	41.7
0.706	41.6
0.701	41.3
0.695	40.9
0.690	40.2
0.684	39.3
0.679	38.5
0.674	37.6
0.668	36.6
0.663	35.5
0.658	34.4
0.652	33.2
0.647	32.1
0.642	31.0
0.636	29.8
0.631	28.6
0.626	27.1
0.620	25.8
0.615	24.6
0.610	23.5
0.604	22.5
0.599	21.7
0.594	20.7
0.588	19.9
0.583	19.1
0.578	18.4
0.572	17.6
0.567	16.9
0.561	16.3
0.556	15.8
0.551	15.3
0.545	14.9
0.540	14.3
0.535	13.9
0.529	13.4
0.524	13.0
0.519	12.6
0.513	12.3
0.508	12.0
0.503	11.8
0.497	11.6
0.492	11.3
0.487	11.2
0.481	11.1
0.476	11.1
0.471	11.0
0.465	10.7
0.460	10.6
0.455	10.3
0.449	10.3
0.444	10.1
0.438	10.1
0.433	10.0
0.428	10.0
0.422	9.9
0.417	10.0
0.412	9.9
0.406	9.9
0.401	9.9
0.396	9.9
0.390	9.9
0.385	10.0
0.380	10.0
0.374	10.0
0.369	10.0
0.364	10.1
0.358	10.1
0.353	10.2
0.348	10.2
0.342	10.4
0.337	10.3
0.332	10.3
0.326	10.3
0.321	10.5
0.316	10.5
0.310	10.7
0.305	10.7
0.299	10.7
0.294	10.8
0.289	10.9
0.283	11.1
0.278	11.3
0.273	11.4
0.267	11.7
0.262	11.8
0.257	11.9
0.251	11.9
0.246	12.0
0.241	12.1
0.235	12.4
0.230	12.6
0.225	12.8
0.219	12.9
0.214	13.2
0.209	13.4
0.203	13.7
0.198	13.9
0.193	14.1
0.187	14.3
0.182	14.3
0.176	14.5
0.171	14.7
0.166	14.9
0.160	15.1
0.155	15.1
0.150	15.4
0.144	15.5
0.139	15.8
0.134	15.9
0.128	16.0
0.123	16.1
0.118	16.4
0.112	16.5
0.107	16.8
0.102	16.9
0.096	17.1
0.091	17.1
0.086	17.2
0.080	17.2
0.075	17.2
0.070	17.2
0.064	17.2
0.059	17.2
0.053	17.2
0.048	17.2
0.043	17.2
0.037	17.2
0.032	17.3
0.027	17.3
0.021	17.3
0.016	17.3
0.011	17.5
0.005	17.5
0.000	17.9
-0.005	17.7
-0.011	17.6
-0.016	17.5
-0.021	17.5
-0.027	17.5
-0.032	17.3
-0.037	16.9
-0.043	16.5
-0.048	16.0
-0.053	15.6
-0.059	15.2
-0.064	14.9
-0.070	14.9
-0.075	15.0
-0.080	15.1
-0.086	15.3
-0.091	15.3
-0.096	15.3
-0.102	15.3
-0.107	15.2
-0.112	15.1
-0.118	15.1
-0.123	14.9
-0.128	14.7
-0.134	14.4
-0.139	14.3
-0.144	14.1
-0.150	13.8
-0.155	13.5
-0.160	13.4
-0.166	13.1
-0.171	13.0
-0.176	12.9
-0.182	12.8
-0.187	12.7
-0.193	12.7
-0.198	12.7
-0.203	12.7
-0.209	12.5
-0.214	12.4
-0.219	12.3
-0.225	12.2
-0.230	12.0
-0.235	11.9
-0.241	11.7
-0.246	11.5
-0.251	11.2
-0.257	11.1
-0.262	10.9
-0.267	10.6
-0.273	10.4
-0.278	10.3
-0.283	10.3
-0.289	10.3
-0.294	10.3
-0.299	10.4
-0.305	10.5
-0.310	10.7
-0.316	10.7
-0.321	10.7
-0.326	10.7
-0.332	10.7
-0.337	10.7
-0.342	11.1
-0.348	11.1
-0.353	11.1
-0.358	11.1
-0.364	11.1
-0.369	11.0
-0.374	11.0
-0.380	11.0
-0.385	11.0
-0.390	11.0
-0.396	11.0
-0.401	11.0
-0.406	11.2
-0.412	11.4
-0.417	11.8
-0.422	12.0
-0.428	12.2
-0.433	12.5
-0.438	12.7
-0.444	13.1
-0.449	13.4
-0.455	13.7
-0.460	14.1
-0.465	14.3
-0.471	14.6
-0.476	14.9
-0.481	15.3
-0.487	15.7
-0.492	16.0
-0.497	16.4
-0.503	16.8
-0.508	17.3
-0.513	17.9
-0.519	18.5
-0.524	19.4
-0.529	20.2
-0.535	21.2
-0.540	22.1
-0.545	23.0
-0.551	24.1
-0.556	25.2
-0.561	26.4
-0.567	27.5
-0.572	28.5
-0.578	29.5
-0.583	30.6
-0.588	31.8
-0.594	32.9
-0.599	34.1
-0.604	35.3
-0.610	36.4
-0.615	37.5
-0.620	38.6
-0.626	39.7
-0.631	40.6
-0.636	41.2
-0.642	41.8
-0.647	42.4
-0.652	42.8
-0.658	42.9
-0.663	43.0
-0.668	43.0
-0.674	43.1
-0.679	43.2
-0.684	43.7
-0.690	43.7
-0.695	43.8
-0.701	44.0
-0.706	44.4
-0.711	44.7
-0.717	45.2
-0.722	45.6
-0.727	45.9
-0.733	45.8
-0.738	45.5
-0.743	45.0
-0.749	44.0
-0.754	42.7
-0.759	41.1
-0.765	39.4
-0.770	37.8
-0.775	36.1
-0.781	34.6
-0.786	33.3
-0.791	32.2
-0.797	31.3
-0.802	30.7
-0.807	30.3
-0.813	29.9
-0.818	29.4
-0.823	28.6
-0.829	27.5
-0.834	26.3
-0.840	25.0
-0.845	23.4
-0.850	21.6
-0.856	19.9
-0.861	18.3
-0.866	16.8
-0.872	15.6
-0.877	14.4
-0.882	13.5
-0.888	12.7
-0.893	12.0
-0.898	11.5
-0.904	11.1
-0.909	11.1
-0.914	11.0
-0.920	11.0
-0.925	11.0
-0.930	11.0
-0.936	11.0
-0.941	11.0
-0.946	11.0
-0.952	11.1
-0.957	11.3
-0.962	11.7
-0.968	12.1
-0.973	12.6
-0.979	13.3
-0.984	14.1
-0.989	14.9
-0.995	15.7
-1.000	16.5
-1.005	17.4
-1.011	18.3
-1.016	19.5
-1.021	20.7
-1.027	22.8
-1.032	23.8
-1.037	25.3
-1.043	26.9
-1.048	28.5
-1.053	30.2
-1.059	32.1
-1.064	34.1
-1.069	35.9
-1.075	37.6
-1.080	39.2
-1.085	40.4
-1.091	41.2
-1.096	41.7
-1.101	41.9
-1.107	41.9
-1.112	42.0
-1.118	42.2
-1.123	42.5
-1.128	42.9
-1.134	43.4
-1.139	43.6
-1.144	43.5
-1.150	42.8
-1.155	41.4
-1.160	39.6
-1.166	37.6
-1.171	35.3
-1.176	33.4
-1.182	31.8
-1.187	30.5
-1.192	29.2
-1.198	28.1
-1.203	26.7
-1.208	25.2
-1.214	23.5
-1.219	21.5
-1.224	19.5
-1.230	17.8
-1.235	16.2
-1.240	14.9
-1.246	13.8
-1.251	13.1
-1.256	12.7
-1.262	12.3
-1.267	12.0
-1.273	11.9
-1.278	12.0
-1.283	12.0
-1.289	12.1
-1.294	12.4
-1.299	12.7
-1.305	13.1
-1.310	13.6
-1.315	14.3
-1.321	15.1
-1.326	16.0
-1.331	17.0
-1.337	18.2
-1.342	19.7
-1.347	21.2
-1.353	22.9
-1.358	24.7
-1.363	26.7
-1.369	29.9
-1.374	31.1
-1.379	32.7
-1.385	34.4
-1.390	36.1
-1.395	37.7
-1.401	38.9
-1.406	39.7
-1.411	39.9
-1.417	39.7
-1.422	39.4
-1.428	39.0
-1.433	38.7
-1.438	38.3
-1.444	37.8
-1.449	36.9
-1.454	35.5
-1.460	33.8
-1.465	32.0
-1.470	30.4
-1.476	29.1
-1.481	27.8
-1.486	26.5
-1.492	25.0
-1.497	23.1
-1.502	21.0
-1.508	18.8
-1.513	16.6
-1.518	14.8
-1.524	13.4
-1.529	12.4
-1.534	11.6
-1.540	11.2
-1.545	11.1
-1.550	11.0
-1.556	11.0
-1.561	11.3
-1.566	11.7
-1.572	12.4
-1.577	13.3
-1.582	14.5
-1.588	15.8
-1.593	17.3
-1.599	18.8
-1.604	20.5
-1.609	22.3
-1.615	24.3
-1.620	26.5
-1.625	28.8
-1.631	31.1
-1.636	33.2
-1.641	35.0
-1.647	36.6
-1.652	37.7
-1.657	38.3
-1.663	38.4
-1.668	38.4
-1.673	38.4
-1.679	38.5
-1.684	38.4
-1.689	38.2
-1.695	37.4
-1.700	35.8
-1.705	33.5
-1.711	30.1
-1.716	28.4
-1.721	26.8
-1.727	25.2
-1.732	23.5
-1.737	21.5
-1.743	19.3
-1.748	17.0
-1.753	15.1
-1.759	13.7
-1.764	12.8
-1.769	12.2
-1.775	11.9
-1.780	11.8
-1.786	12.1
-1.791	12.5
-1.796	13.1
-1.802	13.9
-1.807	15.0
-1.812	16.2
-1.818	17.4
-1.823	19.0
-1.828	20.6
-1.834	22.3
-1.839	24.3
-1.844	26.4
-1.850	28.6
-1.855	30.8
-1.860	32.9
-1.866	34.7
-1.871	36.0
-1.876	36.7
-1.882	36.7
-1.887	36.4
-1.892	36.2
-1.898	36.2
-1.903	36.1
-1.908	35.4
-1.914	33.9
-1.919	31.7
-1.924	29.3
-1.930	27.1
-1.935	25.3
-1.940	23.6
-1.946	21.6
-1.951	19.5
-1.956	17.3
-1.962	15.3
-1.967	13.7
-1.972	12.9
-1.978	12.3
-1.983	12.1
-1.989	12.3
-1.994	12.6
-1.999	13.4
-2.005	14.3
-2.010	15.4
-2.015	16.5
-2.021	18.0
-2.026	19.6
-2.031	21.4
-2.037	23.4
-2.042	25.6
-2.047	27.8
-2.053	31.1
-2.058	32.4
-2.063	33.9
-2.069	35.0
-2.074	35.5
-2.079	35.5
-2.085	35.4
-2.090	35.3
-2.095	35.2
-2.101	34.6
-2.106	33.2
-2.111	31.0
-2.117	28.3
-2.122	25.9
-2.127	23.7
-2.133	21.5
-2.138	19.5
-2.143	17.4
-2.149	15.3
-2.154	13.7
-2.159	12.5
-2.165	11.7
-2.170	11.4
-2.175	11.5
-2.181	12.1
-2.186	12.9
-2.191	14.1
-2.197	15.3
-2.202	16.8
-2.207	18.4
-2.213	20.3
-2.218	22.1
-2.223	24.4
-2.229	26.6
-2.234	28.9
-2.240	30.9
-2.245	32.7
-2.250	33.8
-2.256	34.2
-2.261	34.0
-2.266	33.7
-2.272	33.4
-2.277	32.8
-2.282	31.5
-2.288	29.5
-2.293	27.2
-2.298	25.1
-2.304	23.1
-2.309	21.3
-2.314	19.3
-2.320	17.4
-2.325	15.5
-2.330	14.2
-2.336	13.4
-2.341	13.1
-2.346	13.1
-2.352	13.6
-2.357	14.3
-2.362	15.3
-2.368	16.3
-2.373	17.6
-2.378	19.2
-2.384	21.0
-2.389	22.9
-2.394	26.1
-2.400	27.7
-2.405	29.3
-2.410	30.7
-2.416	31.6
-2.421	31.8
-2.426	31.7
-2.432	31.4
-2.437	31.1
-2.442	30.6
-2.448	29.1
-2.453	26.9
-2.458	24.5
-2.464	22.2
-2.469	20.3
-2.474	18.4
-2.480	16.5
-2.485	14.8
-2.490	13.6
-2.496	12.9
-2.501	12.8
-2.506	13.1
-2.512	13.9
-2.517	14.8
-2.522	15.9
-2.528	17.1
-2.533	18.6
-2.538	20.3
-2.544	22.0
-2.549	24.0
-2.554	26.0
-2.560	28.0
-2.565	29.6
-2.570	30.7
-2.576	31.1
-2.581	30.9
-2.586	30.6
-2.592	30.2
-2.597	29.4
-2.602	27.9
-2.608	25.8
-2.613	23.6
-2.619	21.6
-2.624	19.8
-2.629	18.1
-2.635	16.3
-2.640	15.0
-2.645	14.1
-2.651	13.8
-2.656	14.0
-2.661	14.6
-2.667	15.4
-2.672	16.4
-2.677	17.7
-2.683	19.2
-2.688	20.8
-2.693	22.6
-2.699	24.4
-2.704	26.2
-2.709	27.7
-2.715	28.9
-2.720	29.4
-2.725	29.2
-2.731	28.7
-2.736	28.0
-2.741	27.2
-2.747	25.8
-2.752	23.8
-2.757	21.5
-2.763	19.5
-2.768	17.8
-2.773	16.2
-2.779	14.6
-2.784	13.4
-2.789	12.9
-2.795	12.9
-2.800	13.4
-2.805	14.2
-2.811	15.3
-2.816	16.6
-2.821	18.2
-2.827	19.8
-2.832	21.4
-2.837	23.0
-2.843	24.7
-2.848	26.2
-2.853	27.5
-2.859	28.0
-2.864	28.0
-2.869	27.5
-2.875	26.9
-2.880	25.9
-2.885	24.4
-2.891	22.3
-2.896	20.3
-2.901	18.5
-2.907	17.0
-2.912	15.5
-2.917	14.3
-2.923	13.7
-2.928	13.7
-2.933	14.1
-2.939	14.9
-2.944	15.9
-2.949	17.0
-2.955	18.3
-2.960	19.9
-2.965	21.5
-2.971	23.1
-2.976	24.5
-2.981	25.9
-2.987	26.8
-2.992	27.2
-2.997	26.9
-3.003	26.2
-3.008	25.5
-3.013	24.4
-3.019	22.7
-3.024	20.8
-3.029	19.0
-3.035	17.4
-3.040	15.9
-3.045	14.6
-3.051	13.8
-3.056	13.4
-3.061	13.4
-3.067	14.0
-3.072	14.9
-3.077	16.6
-3.083	17.5
-3.088	18.8
-3.093	20.3
-3.099	21.8
-3.104	23.0
-3.109	24.1
-3.115	24.8
-3.120	24.9
-3.125	24.6
-3.131	24.1
-3.136	23.2
-3.141	21.8
-3.147	20.0
-3.152	18.2
-3.157	16.4
-3.163	14.8
-3.168	13.4
-3.173	12.2
-3.179	11.5
-3.184	11.4
-3.189	11.8
-3.195	12.6
-3.200	13.7
-3.205	14.9
-3.211	16.2
-3.216	17.7
-3.221	19.1
-3.227	20.5
-3.232	21.5
-3.237	22.0
-3.243	22.0
-3.248	21.8
-3.253	21.3
-3.259	20.2
-3.264	18.7
-3.269	17.1
-3.275	15.3
-3.280	13.7
-3.285	12.2
-3.291	11.0
-3.296	10.2
-3.301	9.9
-3.306	9.9
-3.312	10.3
-3.317	11.1
-3.322	12.2
-3.328	13.4
-3.333	15.0
-3.338	16.3
-3.344	17.7
-3.349	18.8
-3.354	19.5
-3.360	19.5
-3.365	19.2
-3.370	18.7
-3.376	17.9
-3.381	16.6
-3.386	15.0
-3.392	13.4
-3.397	12.0
-3.402	10.6
-3.408	9.4
-3.413	8.7
-3.418	8.3
-3.424	8.4
-3.429	9.0
-3.434	9.8
-3.440	10.6
-3.445	11.8
-3.450	13.0
-3.456	14.3
-3.461	15.5
-3.466	16.3
-3.472	16.7
-3.477	17.0
-3.482	16.7
-3.488	16.2
-3.493	15.1
-3.498	13.5
-3.504	12.2
-3.509	10.8
-3.514	9.5
-3.520	8.3
-3.525	7.5
-3.530	7.1
-3.536	7.1
-3.541	7.5
-3.546	8.2
-3.552	9.0
-3.557	9.9
-3.562	11.0
-3.568	12.2
-3.573	13.3
-3.578	14.0
-3.584	14.3
-3.589	14.3
-3.594	13.8
-3.600	13.2
-3.605	12.2
-3.610	11.1
-3.616	9.8
-3.621	8.6
-3.626	7.4
-3.632	6.6
-3.637	6.2
-3.642	6.0
-3.647	6.1
-3.653	6.5
-3.658	7.0
-3.663	7.8
-3.669	8.6
-3.674	9.5
-3.679	10.3
-3.685	11.1
-3.690	11.5
-3.695	11.6
-3.701	11.4
-3.706	11.0
-3.711	10.2
-3.717	9.3
-3.722	8.2
-3.727	7.1
-3.733	6.2
-3.738	5.7
-3.743	5.2
-3.749	5.0
-3.754	5.1
-3.759	5.5
-3.765	5.8
-3.770	6.2
-3.775	7.0
-3.781	7.7
-3.786	8.5
-3.791	8.9
-3.797	9.0
-3.802	9.0
-3.807	8.9
-3.813	8.4
-3.818	7.6
-3.823	6.9
-3.829	6.2
-3.834	5.5
-3.839	4.9
-3.844	4.5
-3.850	4.2
-3.855	4.2
-3.860	4.2
-3.866	4.3
-3.871	4.7
-3.876	5.1
-3.882	5.5
-3.887	5.9
-3.892	6.3
-3.898	6.5
-3.903	6.6
-3.908	6.5
-3.914	6.2
-3.919	5.8
-3.924	5.2
-3.930	4.8
-3.935	4.3
-3.940	3.9
-3.946	3.5
-3.951	3.5
-3.956	3.5
-3.962	3.5
-3.967	3.5
-3.972	3.8
-3.978	4.1
-3.983	4.3
-3.988	4.4
-3.994	4.6
-3.999	4.6
-4.004	4.6
-4.009	4.6
-4.015	4.6
-4.020	4.2
-4.025	3.9
-4.031	3.5
-4.036	3.3
-4.041	3.0
-4.047	3.0
-4.052	3.0
-4.057	3.0
-4.063	3.0
-4.068	3.0
-4.073	3.0
-4.079	3.1
-4.084	3.2
-4.089	3.4
-4.095	3.4
-4.100	3.6
-4.105	3.5
-4.111	3.4
-4.116	3.3
-4.121	3.1
-4.127	3.0
-4.132	2.8
-4.137	2.6
-4.143	2.5
-4.148	2.3
-4.153	2.3
-4.158	2.3
-4.164	2.3
-4.169	2.3
-4.174	2.4
-4.180	2.4
-4.185	2.4
-4.190	2.5
-4.196	2.5
-4.201	2.5
-4.206	2.5
-4.212	2.5
-4.217	2.4
-4.222	2.3
-4.228	2.2
-4.233	2.2
-4.238	2.2
-4.244	2.2
-4.249	2.2
-4.254	2.2
-4.260	2.2
-4.265	2.2
-4.270	2.2
-4.275	2.2
-4.281	2.2
-4.286	2.2
-4.291	2.2
-4.297	2.2
-4.302	2.2
-4.307	2.2
-4.313	2.2
-4.318	2.2
-4.323	2.1
-4.329	2.1
-4.334	2.1
-4.339	2.1
-4.345	2.1
-4.350	2.1
-4.355	2.1
-4.361	2.1
-4.366	2.1
-4.371	2.1
-4.377	2.1
-4.382	2.1
-4.387	2.1
-4.392	2.1
-4.398	2.1
-4.403	2.1
-4.408	2.1
-4.414	2.0
-4.419	2.0
-4.424	1.9
-4.430	1.9
-4.435	1.9
-4.440	2.0
-4.446	2.0
-4.451	1.9
-4.456	1.9
-4.462	1.9
-4.467	1.9
-4.472	1.9
-4.478	1.9
-4.483	1.9
-4.488	1.9
-4.493	1.9
-4.499	1.9
-4.504	1.8
-4.509	1.8
-4.515	1.8
-4.520	1.8
-4.525	1.8
-4.531	1.8
-4.536	1.8
-4.541	1.8
-4.547	1.8
-4.552	1.8
-4.557	1.8
-4.563	1.8
-4.568	1.8
-4.573	1.8
-4.578	1.8
-4.584	1.8
-4.589	1.8
-4.594	1.8
-4.600	1.8
-4.605	1.8
-4.610	1.8
-4.616	1.8
-4.621	1.8
-4.626	1.8
-4.632	1.8
-4.637	1.8
-4.642	1.8
-4.648	1.8
-4.653	1.8
-4.658	1.8
-4.663	1.8
-4.669	1.8
-4.674	1.8
-4.679	1.8
-4.685	1.8
-4.690	1.8
-4.695	1.8
-4.701	1.8
-4.706	1.8
-4.711	1.8
-4.717	1.8
-4.722	1.8
-4.727	1.8
-4.733	1.8
-4.738	1.8
-4.743	1.8
-4.748	1.8
-4.754	1.8
-4.759	1.8
-4.764	1.8
-4.770	1.8
-4.775	1.8
-4.780	1.8
-4.786	1.8
-4.791	1.8
-4.796	1.7
-4.802	1.7
-4.807	1.7
-4.812	1.7
-4.818	1.7
-4.823	1.7
-4.828	1.7
-4.833	1.7
-4.839	1.7
-4.844	1.7
-4.849	1.6
-4.855	1.6
-4.860	1.6
-4.865	1.6
-4.871	1.6
-4.876	1.6
-4.881	1.6
-4.887	1.6
-4.892	1.6
-4.897	1.6
-4.902	1.6
-4.908	1.6
-4.913	1.6
-4.918	1.6
-4.924	1.6
-4.929	1.6
-4.934	1.6
-4.940	1.6
-4.945	1.5
-4.950	1.5
-4.956	1.5
-4.961	1.5
-4.966	1.5
-4.971	1.5
-4.977	1.5
-4.982	1.5
-4.987	1.5
-4.993	1.5
-4.998	1.5
-5.003	1.5
-5.009	1.5
-5.014	1.5
-5.019	1.5
-5.025	1.5
-5.030	1.5
-5.035	1.5
-5.040	1.5
-5.046	1.5
-5.051	1.5
-5.056	1.5
-5.062	1.5
-5.067	1.5
-5.072	1.5
-5.078	1.5
-5.083	1.5
-5.088	1.5
-5.094	1.5
-5.099	1.5
-5.104	1.5
-5.109	1.5
-5.115	1.5
-5.120	1.7
-5.125	1.5
-5.131	1.5
-5.136	1.5
-5.141	1.5
-5.147	1.5
-5.152	1.5
-5.157	1.5
-5.162	1.5
-5.168	1.5
-5.173	1.5
-5.178	1.5
-5.184	1.5
-5.189	1.5
-5.194	1.5
-5.200	1.5
-5.205	1.5
-5.210	1.5
-5.216	1.5
-5.221	1.5
-5.226	1.5
-5.231	1.5
-5.237	1.5
-5.242	1.5
-5.247	1.5
-5.253	1.5
-5.258	1.5
-5.263	1.5
-5.269	1.5
-5.274	1.5
-5.279	1.5
-5.284	1.5
-5.290	1.5
-5.295	1.5
-5.300	1.5
-5.306	1.5
-5.311	1.5
-5.316	1.5
-5.322	1.5
-5.327	1.5
-5.332	1.5
-5.337	1.5
-5.343	1.5
-5.348	1.5
-5.353	1.5
-5.359	1.5
-5.364	1.5
-5.369	1.5
-5.375	1.5
-5.380	1.5
-5.385	1.5
-5.390	1.5
-5.396	1.5
-5.401	1.5
-5.406	1.5
-5.412	1.5
-5.417	1.5
-5.422	1.5
-5.428	1.5
-5.433	1.5
-5.438	1.5
-5.443	1.5
-5.449	1.5
-5.454	1.4
