&a / °	I1 / %
5.459	0.7
5.454	0.7
5.449	0.7
5.443	0.7
5.438	0.7
5.433	0.7
5.428	0.6
5.422	0.6
5.417	0.6
5.412	0.7
5.406	0.7
5.401	0.7
5.396	0.7
5.390	0.7
5.385	0.8
5.380	0.8
5.375	0.8
5.369	0.7
5.364	0.7
5.359	0.7
5.353	0.7
5.348	0.7
5.343	0.7
5.337	0.8
5.332	0.8
5.327	0.8
5.322	0.8
5.316	0.8
5.311	0.8
5.306	0.8
5.300	0.8
5.295	0.8
5.290	0.8
5.284	0.8
5.279	0.8
5.274	0.9
5.269	0.9
5.263	1.0
5.258	1.1
5.253	1.1
5.247	1.2
5.242	1.2
5.237	1.2
5.231	1.2
5.226	1.2
5.221	1.2
5.216	1.2
5.210	1.2
5.205	1.2
5.200	1.3
5.194	1.4
5.189	1.4
5.184	1.4
5.178	1.3
5.173	1.3
5.168	1.2
5.162	1.2
5.157	1.1
5.152	1.1
5.147	0.9
5.141	1.0
5.136	1.0
5.131	1.0
5.125	1.1
5.120	1.5
5.115	1.5
5.109	1.6
5.104	1.9
5.099	2.3
5.094	2.4
5.088	2.6
5.083	2.6
5.078	2.6
5.072	2.5
5.067	2.4
5.062	2.3
5.056	2.4
5.051	2.4
5.046	2.8
5.040	2.9
5.035	3.2
5.030	3.6
5.025	3.9
5.019	4.0
5.014	4.0
5.009	4.0
5.003	4.0
4.998	3.7
4.993	3.4
4.987	3.2
4.982	3.1
4.977	3.1
4.971	3.2
4.966	3.4
4.961	3.9
4.956	4.2
4.950	4.8
4.945	5.3
4.940	5.6
4.934	5.6
4.929	5.6
4.924	5.6
4.918	5.5
4.913	5.1
4.908	4.7
4.902	4.2
4.897	4.0
4.892	4.2
4.887	4.4
4.881	4.8
4.876	5.5
4.871	6.0
4.865	6.8
4.860	7.3
4.855	7.6
4.849	7.6
4.844	7.5
4.839	7.1
4.833	6.6
4.828	6.1
4.823	5.6
4.818	5.2
4.812	5.1
4.807	5.4
4.802	5.9
4.796	6.5
4.791	7.3
4.786	8.1
4.780	9.6
4.775	9.7
4.770	9.7
4.764	9.7
4.759	9.6
4.754	9.2
4.748	8.4
4.743	7.5
4.738	6.8
4.733	6.4
4.727	6.4
4.722	6.7
4.717	7.4
4.711	8.2
4.706	9.0
4.701	9.9
4.695	10.7
4.690	11.5
4.685	11.9
4.679	12.0
4.674	11.6
4.669	11.1
4.663	10.3
4.658	9.3
4.653	8.4
4.648	8.0
4.642	8.0
4.637	8.1
4.632	8.7
4.626	9.6
4.621	10.8
4.616	11.8
4.610	12.8
4.605	13.6
4.600	14.1
4.594	14.1
4.589	13.9
4.584	13.2
4.578	12.3
4.573	11.3
4.568	10.4
4.563	9.7
4.557	9.6
4.552	9.6
4.547	10.0
4.541	10.8
4.536	12.1
4.531	13.2
4.525	14.4
4.520	15.3
4.515	16.1
4.509	16.4
4.504	16.1
4.499	15.3
4.493	14.2
4.488	13.0
4.483	11.9
4.478	11.0
4.472	10.6
4.467	10.7
4.462	11.0
4.456	11.7
4.451	12.9
4.446	14.5
4.440	16.5
4.435	16.9
4.430	17.7
4.424	18.4
4.419	18.5
4.414	18.0
4.408	17.2
4.403	16.0
4.398	14.9
4.392	13.7
4.387	12.9
4.382	12.5
4.377	12.5
4.371	12.5
4.366	13.3
4.361	14.5
4.355	16.0
4.350	17.1
4.345	18.0
4.339	18.8
4.334	19.6
4.329	19.6
4.323	19.2
4.318	18.3
4.313	17.1
4.307	15.9
4.302	14.8
4.297	14.0
4.291	13.6
4.286	13.6
4.281	13.9
4.275	14.6
4.270	15.9
4.265	17.2
4.260	18.3
4.254	19.2
4.249	20.1
4.244	20.9
4.238	21.2
4.233	20.8
4.228	20.0
4.222	18.7
4.217	17.4
4.212	16.0
4.206	15.1
4.201	14.7
4.196	14.7
4.190	14.8
4.185	15.4
4.180	16.4
4.174	18.0
4.169	19.2
4.164	20.3
4.158	21.2
4.153	22.1
4.148	22.5
4.143	22.4
4.137	21.5
4.132	20.4
4.127	18.9
4.121	17.6
4.116	16.3
4.111	15.5
4.105	15.2
4.100	15.5
4.095	15.8
4.089	16.3
4.084	17.4
4.079	18.8
4.073	20.0
4.068	20.9
4.063	21.7
4.057	22.8
4.052	23.3
4.047	23.3
4.041	22.5
4.036	21.2
4.031	19.6
4.025	18.2
4.020	16.7
4.015	15.7
4.009	15.3
4.004	15.7
3.999	16.2
3.994	16.9
3.988	18.1
3.983	20.1
3.978	21.9
3.972	22.8
3.967	23.5
3.962	24.2
3.956	24.8
3.951	24.7
3.946	23.9
3.940	22.5
3.935	20.9
3.930	19.1
3.924	17.6
3.919	16.3
3.914	15.5
3.908	15.5
3.903	16.1
3.898	16.8
3.892	17.6
3.887	19.2
3.882	21.5
3.876	23.4
3.871	24.4
3.866	25.0
3.860	25.7
3.855	26.3
3.850	25.9
3.844	24.8
3.839	23.3
3.834	21.5
3.829	19.5
3.823	17.9
3.818	16.4
3.813	15.5
3.807	15.5
3.802	16.3
3.797	17.1
3.791	17.9
3.786	19.2
3.781	21.6
3.775	23.9
3.770	25.4
3.765	25.9
3.759	26.8
3.754	27.2
3.749	27.2
3.743	26.1
3.738	24.5
3.733	22.5
3.727	20.5
3.722	18.5
3.717	16.9
3.711	15.6
3.706	14.9
3.701	15.3
3.695	16.4
3.690	17.5
3.685	18.4
3.679	20.0
3.674	22.4
3.669	25.0
3.663	26.6
3.658	27.1
3.653	27.5
3.647	27.9
3.642	28.0
3.637	27.1
3.632	25.5
3.626	23.6
3.621	21.5
3.616	19.5
3.610	17.5
3.605	15.9
3.600	14.9
3.594	14.9
3.589	15.8
3.584	17.1
3.578	18.2
3.573	19.4
3.568	21.3
3.562	23.8
3.557	25.8
3.552	26.6
3.546	26.7
3.541	26.7
3.536	27.3
3.530	27.4
3.525	26.6
3.520	25.1
3.514	23.2
3.509	21.1
3.504	19.1
3.498	17.2
3.493	15.6
3.488	14.6
3.482	14.7
3.477	15.9
3.472	17.5
3.466	18.7
3.461	19.9
3.456	21.7
3.450	24.6
3.445	27.3
3.440	28.8
3.434	29.0
3.429	29.0
3.424	29.2
3.418	29.6
3.413	28.6
3.408	26.7
3.402	24.4
3.397	22.0
3.392	19.6
3.386	17.6
3.381	15.7
3.376	14.4
3.370	13.9
3.365	14.6
3.360	16.1
3.354	17.9
3.349	19.2
3.344	20.5
3.338	22.5
3.333	25.7
3.328	28.5
3.322	29.8
3.317	29.9
3.312	29.5
3.306	29.5
3.301	29.7
3.296	29.1
3.291	27.5
3.285	25.4
3.280	23.1
3.275	20.6
3.269	18.5
3.264	16.5
3.259	14.9
3.253	13.9
3.248	14.0
3.243	15.2
3.237	17.2
3.232	18.9
3.227	20.1
3.221	21.4
3.216	23.7
3.211	26.9
3.205	29.9
3.200	31.0
3.195	31.0
3.189	30.6
3.184	30.8
3.179	31.0
3.173	30.4
3.168	28.7
3.163	26.3
3.157	23.9
3.152	21.4
3.147	19.0
3.141	16.9
3.136	15.1
3.131	13.9
3.125	13.5
3.120	14.4
3.115	16.3
3.109	18.3
3.104	19.8
3.099	21.1
3.093	22.7
3.088	25.7
3.083	29.3
3.077	33.8
3.072	33.7
3.067	32.7
3.061	31.9
3.056	31.8
3.051	31.8
3.045	31.0
3.040	29.3
3.035	27.0
3.029	24.4
3.024	21.8
3.019	19.3
3.013	17.1
3.008	15.1
3.003	13.9
2.997	13.3
2.992	13.8
2.987	15.4
2.981	17.5
2.976	19.5
2.971	21.0
2.965	22.3
2.960	24.3
2.955	27.5
2.949	31.2
2.944	33.2
2.939	33.4
2.933	32.6
2.928	31.9
2.923	31.9
2.917	32.0
2.912	31.5
2.907	29.9
2.901	27.6
2.896	25.1
2.891	22.4
2.885	19.9
2.880	17.5
2.875	15.5
2.869	14.0
2.864	13.2
2.859	13.1
2.853	14.3
2.848	16.3
2.843	18.7
2.837	20.6
2.832	21.9
2.827	23.3
2.821	25.7
2.816	28.9
2.811	32.5
2.805	34.5
2.800	34.8
2.795	33.8
2.789	32.9
2.784	32.6
2.779	32.7
2.773	32.2
2.768	30.8
2.763	28.7
2.757	26.3
2.752	23.7
2.747	21.1
2.741	18.6
2.736	15.2
2.731	14.0
2.725	13.1
2.720	12.7
2.715	13.0
2.709	14.4
2.704	16.7
2.699	19.1
2.693	21.2
2.688	22.4
2.683	23.7
2.677	25.7
2.672	28.4
2.667	31.4
2.661	33.5
2.656	34.3
2.651	34.1
2.645	33.5
2.640	33.3
2.635	33.5
2.629	33.5
2.624	32.7
2.619	31.0
2.613	28.7
2.608	26.2
2.602	23.6
2.597	20.9
2.592	18.4
2.586	16.2
2.581	14.5
2.576	13.3
2.570	12.7
2.565	12.7
2.560	13.7
2.554	15.6
2.549	18.0
2.544	20.4
2.538	22.0
2.533	23.3
2.528	24.8
2.522	27.1
2.517	30.3
2.512	33.5
2.506	35.7
2.501	36.6
2.496	36.2
2.490	35.3
2.485	34.7
2.480	34.5
2.474	34.4
2.469	33.7
2.464	32.3
2.458	30.5
2.453	28.1
2.448	25.7
2.442	22.9
2.437	20.2
2.432	17.8
2.426	15.7
2.421	14.1
2.416	13.1
2.410	12.6
2.405	12.7
2.400	13.4
2.394	15.7
2.389	17.6
2.384	20.0
2.378	21.9
2.373	23.4
2.368	24.6
2.362	26.2
2.357	28.7
2.352	31.9
2.346	34.8
2.341	36.8
2.336	37.3
2.330	37.0
2.325	36.2
2.320	35.5
2.314	35.1
2.309	34.8
2.304	34.0
2.298	32.7
2.293	31.0
2.288	29.2
2.282	27.1
2.277	24.7
2.272	22.0
2.266	19.5
2.261	17.2
2.256	15.3
2.250	13.8
2.245	12.9
2.240	12.4
2.234	12.3
2.229	12.8
2.223	14.0
2.218	15.9
2.213	18.2
2.207	20.4
2.202	22.3
2.197	23.7
2.191	24.8
2.186	26.0
2.181	27.6
2.175	29.6
2.170	31.6
2.165	33.0
2.159	34.1
2.154	34.5
2.149	34.7
2.143	34.7
2.138	34.7
2.133	34.8
2.127	34.8
2.122	34.4
2.117	33.5
2.111	32.1
2.106	30.5
2.101	28.3
2.095	25.9
2.090	23.4
2.085	20.7
2.079	18.3
2.074	16.2
2.069	14.5
2.063	13.4
2.058	12.6
2.053	11.9
2.047	11.9
2.042	12.4
2.037	13.6
2.031	15.5
2.026	17.8
2.021	20.1
2.015	22.0
2.010	23.6
2.005	25.0
1.999	26.3
1.994	27.9
1.989	29.9
1.983	32.5
1.978	35.2
1.972	37.2
1.967	38.4
1.962	38.7
1.956	38.3
1.951	37.7
1.946	36.9
1.940	36.2
1.935	35.9
1.930	35.5
1.924	34.9
1.919	33.9
1.914	32.6
1.908	31.1
1.903	29.4
1.898	27.3
1.892	24.9
1.887	22.2
1.882	19.7
1.876	17.5
1.871	15.6
1.866	14.0
1.860	13.1
1.855	12.2
1.850	11.8
1.844	11.7
1.839	12.0
1.834	12.6
1.828	13.8
1.823	15.6
1.818	17.6
1.812	19.9
1.807	21.9
1.802	23.6
1.796	25.1
1.791	26.3
1.786	27.5
1.780	28.8
1.775	30.7
1.769	33.1
1.764	35.5
1.759	37.5
1.753	39.0
1.748	39.8
1.743	39.9
1.737	39.4
1.732	38.7
1.727	37.9
1.721	37.3
1.716	36.8
1.711	36.3
1.705	35.8
1.700	35.1
1.695	34.2
1.689	33.0
1.684	31.6
1.679	30.1
1.673	28.1
1.668	25.9
1.663	23.5
1.657	21.1
1.652	18.8
1.647	16.8
1.641	15.2
1.636	14.0
1.631	13.1
1.625	12.3
1.620	11.9
1.615	11.8
1.609	11.8
1.604	12.2
1.599	12.9
1.593	14.0
1.588	15.4
1.582	17.1
1.577	18.8
1.572	20.6
1.566	22.2
1.561	23.7
1.556	25.1
1.550	26.5
1.545	27.8
1.540	29.1
1.534	30.6
1.529	32.4
1.524	34.4
1.518	36.4
1.513	38.2
1.508	39.7
1.502	40.6
1.497	40.9
1.492	40.9
1.486	40.5
1.481	39.8
1.476	39.0
1.470	38.2
1.465	37.5
1.460	37.0
1.454	36.6
1.449	36.2
1.444	35.7
1.438	34.9
1.433	34.1
1.428	32.9
1.422	31.6
1.417	30.1
1.411	28.2
1.406	26.1
1.401	24.1
1.395	21.8
1.390	19.8
1.385	18.0
1.379	16.4
1.374	15.0
1.369	13.4
1.363	12.8
1.358	12.4
1.353	12.0
1.347	11.7
1.342	11.6
1.337	11.6
1.331	11.9
1.326	12.3
1.321	13.1
1.315	14.2
1.310	15.5
1.305	17.1
1.299	18.8
1.294	20.7
1.289	22.3
1.283	23.9
1.278	25.4
1.273	26.7
1.267	27.8
1.262	28.6
1.256	29.4
1.251	30.3
1.246	31.1
1.240	32.3
1.235	33.8
1.230	35.4
1.224	37.1
1.219	38.8
1.214	40.3
1.208	41.3
1.203	42.0
1.198	42.4
1.192	42.5
1.187	42.3
1.182	41.8
1.176	41.1
1.171	40.3
1.166	39.4
1.160	38.6
1.155	38.0
1.150	37.5
1.144	37.2
1.139	36.9
1.134	36.7
1.128	36.2
1.123	35.6
1.118	34.8
1.112	34.0
1.107	33.0
1.101	31.8
1.096	30.4
1.091	28.8
1.085	27.0
1.080	25.3
1.075	23.6
1.069	21.8
1.064	20.2
1.059	18.8
1.053	17.6
1.048	16.4
1.043	15.5
1.037	14.6
1.032	13.8
1.027	12.8
1.021	12.4
1.016	12.0
1.011	11.7
1.005	11.6
1.000	11.4
0.995	11.4
0.989	11.5
0.984	11.8
0.979	12.0
0.973	12.4
0.968	12.8
0.962	13.5
0.957	14.3
0.952	15.4
0.946	16.4
0.941	17.8
0.936	19.2
0.930	20.7
0.925	22.1
0.920	23.3
0.914	24.5
0.909	25.7
0.904	26.7
0.898	27.6
0.893	28.4
0.888	28.9
0.882	29.5
0.877	29.9
0.872	30.2
0.866	30.6
0.861	31.0
0.856	31.5
0.850	32.1
0.845	33.1
0.840	34.1
0.834	35.3
0.829	36.6
0.823	38.2
0.818	39.8
0.813	41.1
0.807	42.1
0.802	43.0
0.797	43.6
0.791	44.0
0.786	44.1
0.781	44.1
0.775	43.9
0.770	43.6
0.765	43.1
0.759	42.6
0.754	41.8
0.749	40.9
0.743	39.7
0.738	38.8
0.733	38.0
0.727	37.4
0.722	37.0
0.717	36.8
0.711	36.8
0.706	37.0
0.701	37.3
0.695	37.4
0.690	37.4
0.684	37.7
0.679	37.6
0.674	37.4
0.668	37.2
0.663	36.8
0.658	36.4
0.652	35.9
0.647	35.4
0.642	34.7
0.636	34.0
0.631	33.1
0.626	32.0
0.620	30.9
0.615	29.8
0.610	29.0
0.604	28.1
0.599	27.1
0.594	26.2
0.588	25.3
0.583	24.5
0.578	23.6
0.572	22.6
0.567	21.7
0.561	20.7
0.556	19.9
0.551	19.1
0.545	18.4
0.540	17.8
0.535	17.3
0.529	16.7
0.524	16.2
0.519	15.7
0.513	15.3
0.508	14.8
0.503	14.4
0.497	14.1
0.492	13.7
0.487	13.5
0.481	13.3
0.476	13.1
0.471	12.9
0.465	12.6
0.460	12.5
0.455	12.2
0.449	12.1
0.444	11.9
0.438	11.9
0.433	11.8
0.428	11.8
0.422	11.8
0.417	11.8
0.412	11.9
0.406	11.9
0.401	11.9
0.396	11.9
0.390	11.9
0.385	12.0
0.380	12.0
0.374	12.1
0.369	12.1
0.364	12.3
0.358	12.4
0.353	12.6
0.348	12.7
0.342	13.1
0.337	13.1
0.332	13.2
0.326	13.5
0.321	13.7
0.316	14.0
0.310	14.3
0.305	14.5
0.299	14.8
0.294	15.2
0.289	15.6
0.283	15.9
0.278	16.1
0.273	16.5
0.267	16.8
0.262	17.1
0.257	17.4
0.251	17.7
0.246	18.1
0.241	18.4
0.235	18.8
0.230	19.2
0.225	19.6
0.219	20.0
0.214	20.4
0.209	20.8
0.203	21.2
0.198	21.5
0.193	21.9
0.187	22.2
0.182	22.5
0.176	22.8
0.171	23.1
0.166	23.3
0.160	23.6
0.155	23.7
0.150	23.9
0.144	24.2
0.139	24.6
0.134	24.8
0.128	25.1
0.123	25.2
0.118	25.5
0.112	25.6
0.107	25.9
0.102	26.0
0.096	26.3
0.091	26.4
0.086	26.5
0.080	26.6
0.075	26.6
0.070	26.6
0.064	26.7
0.059	26.6
0.053	26.7
0.048	26.7
0.043	26.8
0.037	26.8
0.032	26.8
0.027	26.9
0.021	27.0
0.016	27.0
0.011	27.0
0.005	27.1
0.000	27.2
-0.005	27.2
-0.011	27.1
-0.016	27.0
-0.021	27.0
-0.027	26.7
-0.032	26.4
-0.037	25.9
-0.043	25.4
-0.048	24.7
-0.053	24.2
-0.059	23.7
-0.064	23.4
-0.070	23.3
-0.075	23.4
-0.080	23.5
-0.086	23.8
-0.091	24.0
-0.096	23.9
-0.102	23.9
-0.107	23.8
-0.112	23.6
-0.118	23.4
-0.123	23.1
-0.128	22.9
-0.134	22.5
-0.139	22.2
-0.144	21.9
-0.150	21.5
-0.155	21.1
-0.160	20.7
-0.166	20.2
-0.171	19.8
-0.176	19.4
-0.182	19.1
-0.187	18.8
-0.193	18.5
-0.198	18.2
-0.203	18.0
-0.209	17.6
-0.214	17.4
-0.219	17.1
-0.225	16.8
-0.230	16.4
-0.235	16.2
-0.241	15.9
-0.246	15.5
-0.251	15.1
-0.257	14.7
-0.262	14.3
-0.267	13.9
-0.273	13.5
-0.278	13.2
-0.283	13.0
-0.289	12.9
-0.294	12.9
-0.299	12.9
-0.305	13.0
-0.310	13.0
-0.316	13.0
-0.321	13.0
-0.326	13.0
-0.332	13.0
-0.337	13.0
-0.342	13.1
-0.348	13.0
-0.353	13.0
-0.358	13.0
-0.364	13.0
-0.369	12.9
-0.374	12.9
-0.380	12.9
-0.385	12.9
-0.390	13.0
-0.396	13.0
-0.401	13.2
-0.406	13.4
-0.412	13.6
-0.417	14.0
-0.422	14.3
-0.428	14.6
-0.433	14.9
-0.438	15.2
-0.444	15.6
-0.449	15.9
-0.455	16.3
-0.460	16.7
-0.465	17.1
-0.471	17.5
-0.476	17.9
-0.481	18.3
-0.487	18.7
-0.492	19.2
-0.497	19.9
-0.503	20.6
-0.508	21.4
-0.513	22.2
-0.519	23.0
-0.524	23.9
-0.529	25.0
-0.535	26.2
-0.540	27.3
-0.545	28.4
-0.551	29.3
-0.556	30.4
-0.561	31.4
-0.567	32.4
-0.572	33.3
-0.578	34.2
-0.583	35.0
-0.588	35.9
-0.594	36.7
-0.599	37.4
-0.604	37.9
-0.610	38.4
-0.615	38.8
-0.620	39.0
-0.626	39.0
-0.631	38.9
-0.636	38.6
-0.642	38.3
-0.647	38.1
-0.652	37.9
-0.658	37.9
-0.663	37.9
-0.668	38.1
-0.674	38.5
-0.679	39.0
-0.684	40.0
-0.690	40.4
-0.695	41.0
-0.701	41.7
-0.706	42.4
-0.711	43.2
-0.717	43.9
-0.722	44.5
-0.727	45.0
-0.733	45.3
-0.738	45.3
-0.743	44.9
-0.749	44.1
-0.754	43.0
-0.759	41.5
-0.765	39.8
-0.770	38.2
-0.775	36.4
-0.781	34.8
-0.786	33.2
-0.791	32.1
-0.797	31.2
-0.802	30.7
-0.807	30.4
-0.813	30.3
-0.818	30.3
-0.823	30.3
-0.829	30.2
-0.834	30.0
-0.840	29.6
-0.845	29.3
-0.850	28.6
-0.856	27.8
-0.861	26.6
-0.866	25.1
-0.872	23.5
-0.877	21.9
-0.882	20.2
-0.888	18.7
-0.893	17.4
-0.898	16.2
-0.904	15.3
-0.909	14.6
-0.914	14.0
-0.920	13.7
-0.925	13.5
-0.930	13.2
-0.936	13.1
-0.941	13.1
-0.946	13.1
-0.952	13.1
-0.957	13.2
-0.962	13.6
-0.968	14.0
-0.973	14.8
-0.979	15.6
-0.984	16.4
-0.989	17.5
-0.995	18.5
-1.000	19.6
-1.005	20.8
-1.011	22.0
-1.016	23.4
-1.021	24.8
-1.027	27.4
-1.032	28.6
-1.037	29.9
-1.043	31.3
-1.048	32.8
-1.053	34.2
-1.059	35.4
-1.064	36.5
-1.069	37.3
-1.075	37.7
-1.080	37.8
-1.085	37.7
-1.091	37.7
-1.096	37.6
-1.101	37.7
-1.107	38.1
-1.112	38.7
-1.118	39.5
-1.123	40.4
-1.128	41.4
-1.134	42.3
-1.139	43.0
-1.144	43.2
-1.150	42.9
-1.155	41.8
-1.160	40.1
-1.166	38.0
-1.171	35.6
-1.176	33.6
-1.182	31.9
-1.187	30.7
-1.192	29.9
-1.198	29.2
-1.203	28.7
-1.208	28.3
-1.214	27.9
-1.219	27.2
-1.224	26.3
-1.230	25.1
-1.235	23.5
-1.240	21.8
-1.246	19.9
-1.251	18.3
-1.256	17.0
-1.262	15.9
-1.267	15.1
-1.273	14.6
-1.278	14.3
-1.283	14.3
-1.289	14.3
-1.294	14.6
-1.299	15.0
-1.305	15.4
-1.310	16.0
-1.315	16.8
-1.321	17.6
-1.326	18.8
-1.331	20.1
-1.337	21.6
-1.342	23.2
-1.347	25.0
-1.353	26.8
-1.358	28.7
-1.363	30.6
-1.369	33.4
-1.374	34.3
-1.379	35.0
-1.385	35.6
-1.390	35.9
-1.395	36.0
-1.401	36.1
-1.406	36.2
-1.411	36.4
-1.417	36.7
-1.422	36.9
-1.428	37.3
-1.433	37.5
-1.438	37.5
-1.444	37.5
-1.449	37.0
-1.454	35.8
-1.460	34.2
-1.465	32.4
-1.470	30.8
-1.476	29.6
-1.481	28.6
-1.486	27.9
-1.492	27.2
-1.497	26.5
-1.502	25.7
-1.508	24.7
-1.513	23.1
-1.518	21.2
-1.524	19.2
-1.529	17.5
-1.534	15.9
-1.540	14.7
-1.545	13.9
-1.550	13.5
-1.556	13.3
-1.561	13.4
-1.566	13.9
-1.572	14.7
-1.577	15.7
-1.582	17.0
-1.588	18.4
-1.593	20.1
-1.599	21.8
-1.604	23.6
-1.609	25.6
-1.615	27.6
-1.620	29.7
-1.625	31.7
-1.631	33.6
-1.636	35.0
-1.641	35.9
-1.647	36.1
-1.652	35.8
-1.657	35.6
-1.663	35.6
-1.668	36.0
-1.673	36.5
-1.679	37.2
-1.684	37.8
-1.689	38.0
-1.695	37.6
-1.700	36.4
-1.705	34.1
-1.711	30.8
-1.716	29.2
-1.721	27.8
-1.727	26.7
-1.732	25.9
-1.737	25.0
-1.743	24.1
-1.748	22.8
-1.753	21.2
-1.759	19.2
-1.764	17.6
-1.769	16.1
-1.775	15.3
-1.780	14.7
-1.786	14.7
-1.791	14.8
-1.796	15.4
-1.802	16.1
-1.807	17.2
-1.812	18.4
-1.818	19.9
-1.823	21.5
-1.828	23.2
-1.834	25.2
-1.839	27.2
-1.844	29.2
-1.850	31.2
-1.855	32.9
-1.860	34.3
-1.866	34.9
-1.871	34.9
-1.876	34.5
-1.882	34.3
-1.887	34.4
-1.892	34.9
-1.898	35.3
-1.903	35.8
-1.908	35.6
-1.914	34.5
-1.919	32.5
-1.924	30.2
-1.930	28.1
-1.935	26.5
-1.940	25.3
-1.946	24.5
-1.951	23.6
-1.956	22.4
-1.962	20.8
-1.967	19.1
-1.972	17.5
-1.978	16.2
-1.983	15.3
-1.989	15.0
-1.994	15.1
-1.999	15.6
-2.005	16.4
-2.010	17.5
-2.015	18.7
-2.021	20.3
-2.026	21.9
-2.031	23.8
-2.037	25.8
-2.042	27.9
-2.047	30.0
-2.053	33.0
-2.058	33.7
-2.063	34.0
-2.069	33.9
-2.074	33.7
-2.079	33.6
-2.085	33.9
-2.090	34.4
-2.095	34.8
-2.101	34.7
-2.106	33.7
-2.111	31.8
-2.117	29.3
-2.122	26.9
-2.127	25.1
-2.133	23.6
-2.138	22.4
-2.143	21.4
-2.149	20.1
-2.154	18.5
-2.159	16.8
-2.165	15.4
-2.170	14.6
-2.175	14.3
-2.181	14.7
-2.186	15.5
-2.191	16.4
-2.197	17.6
-2.202	19.2
-2.207	20.8
-2.213	22.7
-2.218	24.7
-2.223	26.9
-2.229	29.0
-2.234	30.8
-2.240	32.1
-2.245	32.7
-2.250	32.7
-2.256	32.5
-2.261	32.5
-2.266	32.6
-2.272	32.8
-2.277	32.8
-2.282	32.0
-2.288	30.4
-2.293	28.0
-2.298	26.0
-2.304	24.4
-2.309	23.2
-2.314	22.3
-2.320	21.3
-2.325	19.9
-2.330	18.3
-2.336	17.1
-2.341	16.3
-2.346	15.9
-2.352	16.1
-2.357	16.6
-2.362	17.4
-2.368	18.5
-2.373	19.8
-2.378	21.4
-2.384	23.2
-2.389	25.1
-2.394	28.2
-2.400	29.4
-2.405	30.6
-2.410	31.1
-2.416	31.1
-2.421	30.7
-2.426	30.6
-2.432	30.8
-2.437	31.0
-2.442	30.9
-2.448	30.0
-2.453	28.1
-2.458	25.9
-2.464	23.9
-2.469	22.3
-2.474	21.2
-2.480	20.2
-2.485	19.1
-2.490	17.9
-2.496	16.7
-2.501	16.0
-2.506	16.0
-2.512	16.4
-2.517	16.9
-2.522	17.8
-2.528	19.0
-2.533	20.5
-2.538	22.1
-2.544	23.8
-2.549	25.8
-2.554	27.7
-2.560	29.1
-2.565	30.1
-2.570	30.3
-2.576	30.2
-2.581	30.1
-2.586	30.0
-2.592	30.1
-2.597	29.8
-2.602	28.8
-2.608	27.1
-2.613	25.0
-2.619	23.3
-2.624	22.0
-2.629	20.9
-2.635	19.9
-2.640	18.7
-2.645	17.5
-2.651	16.7
-2.656	16.4
-2.661	16.8
-2.667	17.4
-2.672	18.4
-2.677	19.6
-2.683	21.1
-2.688	22.5
-2.693	24.3
-2.699	26.1
-2.704	27.7
-2.709	28.8
-2.715	29.2
-2.720	28.9
-2.725	28.5
-2.731	28.2
-2.736	28.1
-2.741	27.7
-2.747	26.7
-2.752	25.1
-2.757	23.1
-2.763	21.2
-2.768	20.1
-2.773	19.0
-2.779	18.2
-2.784	17.1
-2.789	16.1
-2.795	15.7
-2.800	15.7
-2.805	16.3
-2.811	17.3
-2.816	18.5
-2.821	20.0
-2.827	21.6
-2.832	23.2
-2.837	24.8
-2.843	26.4
-2.848	27.6
-2.853	28.1
-2.859	28.0
-2.864	27.7
-2.869	27.3
-2.875	27.1
-2.880	26.6
-2.885	25.5
-2.891	23.9
-2.896	22.0
-2.901	20.4
-2.907	19.4
-2.912	18.5
-2.917	17.7
-2.923	16.9
-2.928	16.4
-2.933	16.4
-2.939	16.8
-2.944	17.5
-2.949	18.7
-2.955	20.0
-2.960	21.6
-2.965	23.1
-2.971	24.5
-2.976	25.7
-2.981	26.7
-2.987	27.1
-2.992	26.9
-2.997	26.5
-3.003	26.1
-3.008	25.7
-3.013	25.0
-3.019	23.8
-3.024	22.1
-3.029	20.6
-3.035	19.3
-3.040	18.3
-3.045	17.5
-3.051	16.6
-3.056	15.9
-3.061	15.6
-3.067	15.9
-3.072	16.5
-3.077	17.7
-3.083	18.6
-3.088	19.9
-3.093	21.4
-3.099	22.8
-3.104	23.9
-3.109	24.5
-3.115	24.7
-3.120	24.5
-3.125	24.3
-3.131	24.1
-3.136	23.6
-3.141	22.7
-3.147	21.1
-3.152	19.5
-3.157	18.2
-3.163	17.1
-3.168	16.0
-3.173	15.1
-3.179	14.2
-3.184	13.8
-3.189	13.8
-3.195	14.3
-3.200	15.2
-3.205	16.3
-3.211	17.5
-3.216	18.8
-3.221	20.1
-3.227	21.3
-3.232	21.8
-3.237	21.9
-3.243	21.7
-3.248	21.5
-3.253	21.4
-3.259	20.9
-3.264	19.7
-3.269	18.2
-3.275	16.7
-3.280	15.5
-3.285	14.3
-3.291	13.5
-3.296	12.6
-3.301	12.0
-3.306	11.7
-3.312	12.0
-3.317	12.6
-3.322	13.7
-3.328	14.9
-3.333	16.1
-3.338	17.3
-3.344	18.4
-3.349	19.1
-3.354	19.2
-3.360	19.1
-3.365	18.9
-3.370	18.6
-3.376	18.0
-3.381	17.2
-3.386	16.0
-3.392	14.6
-3.397	13.5
-3.402	12.6
-3.408	11.8
-3.413	10.8
-3.418	9.9
-3.424	9.9
-3.429	10.3
-3.434	11.0
-3.440	11.8
-3.445	12.9
-3.450	14.1
-3.456	15.1
-3.461	15.9
-3.466	16.4
-3.472	16.6
-3.477	16.6
-3.482	16.7
-3.488	16.3
-3.493	15.5
-3.498	14.3
-3.504	13.1
-3.509	12.0
-3.514	11.1
-3.520	10.2
-3.525	9.3
-3.530	8.7
-3.536	8.4
-3.541	8.7
-3.546	9.2
-3.552	10.0
-3.557	10.9
-3.562	11.9
-3.568	12.8
-3.573	13.5
-3.578	13.9
-3.584	13.9
-3.589	14.0
-3.594	13.8
-3.600	13.4
-3.605	12.6
-3.610	11.8
-3.616	10.8
-3.621	10.0
-3.626	9.1
-3.632	8.2
-3.637	7.5
-3.642	7.1
-3.647	7.1
-3.653	7.5
-3.658	8.0
-3.663	8.8
-3.669	9.6
-3.674	10.3
-3.679	10.9
-3.685	11.2
-3.690	11.3
-3.695	11.5
-3.701	11.5
-3.706	11.1
-3.711	10.4
-3.717	9.6
-3.722	8.8
-3.727	8.1
-3.733	7.3
-3.738	6.6
-3.743	6.2
-3.749	5.9
-3.754	5.9
-3.759	6.2
-3.765	6.5
-3.770	7.1
-3.775	7.7
-3.781	8.2
-3.786	8.7
-3.791	8.8
-3.797	8.9
-3.802	9.0
-3.807	8.9
-3.813	8.6
-3.818	7.9
-3.823	7.4
-3.829	6.9
-3.834	6.4
-3.839	5.8
-3.844	5.2
-3.850	4.8
-3.855	4.8
-3.860	4.8
-3.866	5.1
-3.871	5.5
-3.876	5.8
-3.882	6.1
-3.887	6.4
-3.892	6.4
-3.898	6.4
-3.903	6.5
-3.908	6.5
-3.914	6.3
-3.919	6.0
-3.924	5.6
-3.930	5.4
-3.935	5.0
-3.940	4.6
-3.946	4.2
-3.951	4.0
-3.956	3.9
-3.962	3.9
-3.967	4.0
-3.972	4.3
-3.978	4.4
-3.983	4.5
-3.988	4.6
-3.994	4.7
-3.999	4.7
-4.004	4.7
-4.009	4.7
-4.015	4.7
-4.020	4.6
-4.025	4.3
-4.031	4.0
-4.036	3.9
-4.041	3.5
-4.047	3.4
-4.052	3.2
-4.057	3.2
-4.063	3.2
-4.068	3.2
-4.073	3.2
-4.079	3.4
-4.084	3.5
-4.089	3.5
-4.095	3.5
-4.100	3.7
-4.105	3.6
-4.111	3.5
-4.116	3.4
-4.121	3.3
-4.127	3.1
-4.132	3.1
-4.137	2.9
-4.143	2.8
-4.148	2.7
-4.153	2.7
-4.158	2.7
-4.164	2.7
-4.169	2.7
-4.174	2.7
-4.180	2.7
-4.185	2.7
-4.190	2.7
-4.196	2.7
-4.201	2.7
-4.206	2.7
-4.212	2.7
-4.217	2.6
-4.222	2.6
-4.228	2.5
-4.233	2.5
-4.238	2.4
-4.244	2.3
-4.249	2.3
-4.254	2.3
-4.260	2.3
-4.265	2.3
-4.270	2.3
-4.275	2.3
-4.281	2.3
-4.286	2.3
-4.291	2.3
-4.297	2.3
-4.302	2.3
-4.307	2.3
-4.313	2.3
-4.318	2.3
-4.323	2.3
-4.329	2.3
-4.334	2.3
-4.339	2.2
-4.345	2.2
-4.350	2.2
-4.355	2.2
-4.361	2.2
-4.366	2.2
-4.371	2.2
-4.377	2.2
-4.382	2.2
-4.387	2.2
-4.392	2.2
-4.398	2.2
-4.403	2.2
-4.408	2.2
-4.414	2.2
-4.419	2.2
-4.424	2.2
-4.430	2.2
-4.435	2.1
-4.440	2.2
-4.446	2.1
-4.451	2.1
-4.456	2.1
-4.462	2.1
-4.467	2.0
-4.472	2.0
-4.478	2.0
-4.483	2.0
-4.488	2.0
-4.493	2.0
-4.499	2.0
-4.504	2.0
-4.509	1.9
-4.515	1.9
-4.520	1.9
-4.525	1.9
-4.531	1.9
-4.536	1.9
-4.541	1.9
-4.547	1.9
-4.552	1.9
-4.557	1.9
-4.563	1.9
-4.568	1.9
-4.573	1.9
-4.578	1.9
-4.584	1.9
-4.589	1.9
-4.594	1.9
-4.600	1.9
-4.605	1.9
-4.610	1.9
-4.616	1.9
-4.621	1.9
-4.626	1.9
-4.632	1.9
-4.637	1.9
-4.642	1.9
-4.648	1.9
-4.653	1.9
-4.658	1.9
-4.663	1.9
-4.669	1.9
-4.674	1.9
-4.679	1.9
-4.685	1.9
-4.690	1.9
-4.695	1.9
-4.701	1.9
-4.706	1.9
-4.711	1.9
-4.717	1.9
-4.722	1.9
-4.727	1.9
-4.733	1.9
-4.738	1.9
-4.743	1.9
-4.748	1.9
-4.754	1.8
-4.759	1.8
-4.764	1.8
-4.770	1.9
-4.775	1.9
-4.780	2.0
-4.786	1.9
-4.791	1.9
-4.796	1.8
-4.802	1.8
-4.807	1.8
-4.812	1.8
-4.818	1.8
-4.823	1.8
-4.828	1.8
-4.833	1.8
-4.839	1.8
-4.844	1.8
-4.849	1.8
-4.855	1.8
-4.860	1.8
-4.865	1.8
-4.871	1.8
-4.876	1.8
-4.881	1.8
-4.887	1.8
-4.892	1.7
-4.897	1.7
-4.902	1.7
-4.908	1.7
-4.913	1.7
-4.918	1.7
-4.924	1.7
-4.929	1.7
-4.934	1.7
-4.940	1.7
-4.945	1.7
-4.950	1.7
-4.956	1.6
-4.961	1.6
-4.966	1.6
-4.971	1.6
-4.977	1.6
-4.982	1.6
-4.987	1.6
-4.993	1.6
-4.998	1.6
-5.003	1.6
-5.009	1.6
-5.014	1.6
-5.019	1.6
-5.025	1.6
-5.030	1.6
-5.035	1.6
-5.040	1.6
-5.046	1.6
-5.051	1.6
-5.056	1.6
-5.062	1.6
-5.067	1.6
-5.072	1.6
-5.078	1.6
-5.083	1.6
-5.088	1.6
-5.094	1.6
-5.099	1.6
-5.104	1.6
-5.109	1.6
-5.115	1.6
-5.120	1.8
-5.125	1.7
-5.131	1.7
-5.136	1.6
-5.141	1.6
-5.147	1.6
-5.152	1.6
-5.157	1.6
-5.162	1.6
-5.168	1.5
-5.173	1.5
-5.178	1.5
-5.184	1.5
-5.189	1.5
-5.194	1.5
-5.200	1.5
-5.205	1.5
-5.210	1.5
-5.216	1.5
-5.221	1.5
-5.226	1.5
-5.231	1.5
-5.237	1.5
-5.242	1.5
-5.247	1.5
-5.253	1.5
-5.258	1.5
-5.263	1.5
-5.269	1.5
-5.274	1.5
-5.279	1.5
-5.284	1.5
-5.290	1.5
-5.295	1.5
-5.300	1.5
-5.306	1.5
-5.311	1.5
-5.316	1.5
-5.322	1.5
-5.327	1.5
-5.332	1.5
-5.337	1.5
-5.343	1.5
-5.348	1.5
-5.353	1.5
-5.359	1.5
-5.364	1.5
-5.369	1.5
-5.375	1.5
-5.380	1.5
-5.385	1.5
-5.390	1.5
-5.396	1.5
-5.401	1.5
-5.406	1.5
-5.412	1.5
-5.417	1.5
-5.422	1.5
-5.428	1.5
-5.433	1.5
-5.438	1.5
-5.443	1.5
-5.449	1.5
-5.454	1.5
