&a / °	I1 / %
5.459	0.6
5.454	0.5
5.449	0.5
5.443	0.5
5.438	0.5
5.433	0.5
5.428	0.4
5.422	0.5
5.417	0.5
5.412	0.5
5.406	0.5
5.401	0.5
5.396	0.5
5.390	0.5
5.385	0.6
5.380	0.6
5.375	0.6
5.369	0.6
5.364	0.6
5.359	0.6
5.353	0.6
5.348	0.6
5.343	0.6
5.337	0.6
5.332	0.6
5.327	0.6
5.322	0.7
5.316	0.7
5.311	0.7
5.306	0.7
5.300	0.7
5.295	0.7
5.290	0.7
5.284	0.7
5.279	0.7
5.274	0.8
5.269	0.9
5.263	1.0
5.258	1.1
5.253	1.1
5.247	1.1
5.242	1.1
5.237	1.1
5.231	1.1
5.226	1.1
5.221	1.0
5.216	1.0
5.210	1.0
5.205	1.1
5.200	1.2
5.194	1.3
5.189	1.3
5.184	1.3
5.178	1.3
5.173	1.2
5.168	1.1
5.162	1.0
5.157	1.0
5.152	1.0
5.147	0.9
5.141	0.9
5.136	0.9
5.131	1.0
5.125	1.0
5.120	1.4
5.115	1.4
5.109	1.6
5.104	1.8
5.099	2.1
5.094	2.3
5.088	2.6
5.083	2.6
5.078	2.6
5.072	2.5
5.067	2.3
5.062	2.3
5.056	2.3
5.051	2.4
5.046	2.7
5.040	3.0
5.035	3.2
5.030	3.6
5.025	3.9
5.019	4.0
5.014	4.0
5.009	4.0
5.003	4.0
4.998	3.7
4.993	3.5
4.987	3.1
4.982	3.1
4.977	3.1
4.971	3.2
4.966	3.5
4.961	3.9
4.956	4.3
4.950	4.9
4.945	5.3
4.940	5.5
4.934	5.6
4.929	5.6
4.924	5.6
4.918	5.5
4.913	5.1
4.908	4.7
4.902	4.3
4.897	4.2
4.892	4.3
4.887	4.6
4.881	5.0
4.876	5.5
4.871	6.1
4.865	6.9
4.860	7.4
4.855	7.6
4.849	7.6
4.844	7.6
4.839	7.2
4.833	6.7
4.828	6.3
4.823	5.9
4.818	5.4
4.812	5.4
4.807	5.7
4.802	6.1
4.796	6.6
4.791	7.4
4.786	8.2
4.780	9.8
4.775	9.8
4.770	9.8
4.764	9.8
4.759	9.8
4.754	9.4
4.748	8.6
4.743	7.8
4.738	7.1
4.733	6.7
4.727	6.7
4.722	7.0
4.717	7.6
4.711	8.4
4.706	9.2
4.701	10.0
4.695	10.8
4.690	11.5
4.685	11.9
4.679	12.0
4.674	11.8
4.669	11.4
4.663	10.6
4.658	9.6
4.653	8.8
4.648	8.4
4.642	8.3
4.637	8.5
4.632	9.1
4.626	9.9
4.621	11.1
4.616	11.9
4.610	13.0
4.605	13.8
4.600	14.3
4.594	14.4
4.589	14.1
4.584	13.4
4.578	12.7
4.573	11.8
4.568	10.9
4.563	10.3
4.557	10.0
4.552	10.0
4.547	10.4
4.541	11.3
4.536	12.5
4.531	13.7
4.525	14.7
4.520	15.5
4.515	16.3
4.509	16.6
4.504	16.3
4.499	15.5
4.493	14.6
4.488	13.4
4.483	12.3
4.478	11.5
4.472	11.1
4.467	11.2
4.462	11.6
4.456	12.3
4.451	13.5
4.446	14.9
4.440	16.9
4.435	17.2
4.430	18.0
4.424	18.6
4.419	18.8
4.414	18.3
4.408	17.5
4.403	16.5
4.398	15.4
4.392	14.3
4.387	13.5
4.382	13.2
4.377	13.1
4.371	13.1
4.366	13.9
4.361	15.1
4.355	16.4
4.350	17.5
4.345	18.3
4.339	19.1
4.334	19.9
4.329	20.1
4.323	19.7
4.318	18.6
4.313	17.4
4.307	16.2
4.302	15.4
4.297	14.7
4.291	14.6
4.286	14.5
4.281	14.6
4.275	15.3
4.270	16.4
4.265	17.8
4.260	18.8
4.254	19.7
4.249	20.5
4.244	21.3
4.238	21.7
4.233	21.3
4.228	20.5
4.222	19.2
4.217	17.9
4.212	16.6
4.206	15.8
4.201	15.5
4.196	15.5
4.190	15.5
4.185	15.9
4.180	17.0
4.174	18.6
4.169	19.8
4.164	20.7
4.158	21.5
4.153	22.4
4.148	22.9
4.143	22.8
4.137	22.1
4.132	21.0
4.127	19.6
4.121	18.3
4.116	17.1
4.111	16.3
4.105	16.2
4.100	16.3
4.095	16.4
4.089	16.9
4.084	18.0
4.079	19.5
4.073	20.6
4.068	21.4
4.063	22.2
4.057	23.1
4.052	23.9
4.047	23.8
4.041	23.1
4.036	21.9
4.031	20.3
4.025	18.8
4.020	17.5
4.015	16.6
4.009	16.4
4.004	16.7
3.999	17.1
3.994	17.7
3.988	18.9
3.983	20.9
3.978	22.5
3.972	23.4
3.967	23.9
3.962	24.6
3.956	25.2
3.951	25.2
3.946	24.4
3.940	23.1
3.935	21.5
3.930	19.9
3.924	18.4
3.919	17.1
3.914	16.5
3.908	16.6
3.903	17.0
3.898	17.7
3.892	18.4
3.887	20.0
3.882	22.2
3.876	24.1
3.871	24.9
3.866	25.4
3.860	25.8
3.855	26.6
3.850	26.4
3.844	25.6
3.839	24.1
3.834	22.3
3.829	20.3
3.823	18.7
3.818	17.2
3.813	16.4
3.807	16.5
3.802	17.3
3.797	18.0
3.791	18.7
3.786	19.9
3.781	22.2
3.775	24.6
3.770	25.9
3.765	26.4
3.759	27.1
3.754	27.3
3.749	27.4
3.743	26.6
3.738	25.1
3.733	23.1
3.727	21.1
3.722	19.2
3.717	17.6
3.711	16.4
3.706	16.0
3.701	16.5
3.695	17.5
3.690	18.3
3.685	19.1
3.679	20.7
3.674	23.1
3.669	25.8
3.663	27.3
3.658	27.7
3.653	27.8
3.647	28.2
3.642	28.4
3.637	27.7
3.632	26.3
3.626	24.4
3.621	22.3
3.616	20.2
3.610	18.3
3.605	16.7
3.600	15.9
3.594	16.0
3.589	17.1
3.584	18.2
3.578	19.0
3.573	20.2
3.568	22.0
3.562	24.6
3.557	26.6
3.552	27.2
3.546	27.2
3.541	27.1
3.536	27.5
3.530	27.8
3.525	27.3
3.520	25.9
3.514	24.2
3.509	22.0
3.504	19.8
3.498	17.9
3.493	16.4
3.488	15.6
3.482	16.0
3.477	17.2
3.472	18.5
3.466	19.5
3.461	20.6
3.456	22.4
3.450	25.3
3.445	28.0
3.440	29.4
3.434	29.5
3.429	29.2
3.424	29.2
3.418	29.7
3.413	29.0
3.408	27.4
3.402	25.3
3.397	22.9
3.392	20.6
3.386	18.6
3.381	16.6
3.376	15.4
3.370	15.0
3.365	15.9
3.360	17.5
3.354	19.0
3.349	20.1
3.344	21.4
3.338	23.2
3.333	26.4
3.328	29.2
3.322	30.5
3.317	30.2
3.312	29.7
3.306	29.4
3.301	29.8
3.296	29.5
3.291	28.3
3.285	26.2
3.280	24.0
3.275	21.6
3.269	19.4
3.264	17.5
3.259	15.9
3.253	15.0
3.248	15.3
3.243	16.7
3.237	18.6
3.232	19.9
3.227	21.0
3.221	22.2
3.216	24.5
3.211	27.7
3.205	30.6
3.200	31.8
3.195	31.4
3.189	30.8
3.184	30.6
3.179	31.0
3.173	30.7
3.168	29.4
3.163	27.3
3.157	24.9
3.152	22.4
3.147	19.9
3.141	17.9
3.136	16.1
3.131	14.9
3.125	14.8
3.120	16.0
3.115	17.8
3.109	19.6
3.104	20.8
3.099	21.9
3.093	23.4
3.088	26.4
3.083	30.1
3.077	34.6
3.072	34.2
3.067	33.0
3.061	31.9
3.056	31.6
3.051	31.8
3.045	31.4
3.040	30.1
3.035	27.9
3.029	25.5
3.024	22.9
3.019	20.4
3.013	18.1
3.008	16.2
3.003	14.9
2.997	14.4
2.992	15.2
2.987	17.0
2.981	19.1
2.976	20.7
2.971	21.9
2.965	23.0
2.960	25.0
2.955	28.3
2.949	31.9
2.944	33.8
2.939	33.9
2.933	32.9
2.928	32.0
2.923	31.8
2.917	32.1
2.912	31.8
2.907	30.6
2.901	28.5
2.896	26.1
2.891	23.6
2.885	20.9
2.880	18.6
2.875	16.5
2.869	14.9
2.864	14.2
2.859	14.3
2.853	15.8
2.848	17.9
2.843	20.1
2.837	21.6
2.832	22.8
2.827	24.0
2.821	26.4
2.816	29.8
2.811	33.2
2.805	35.0
2.800	35.2
2.795	34.1
2.789	33.0
2.784	32.6
2.779	32.6
2.773	32.3
2.768	31.2
2.763	29.5
2.757	27.4
2.752	24.9
2.747	22.2
2.741	19.7
2.736	16.2
2.731	15.0
2.725	14.0
2.720	13.6
2.715	14.2
2.709	15.9
2.704	18.3
2.699	20.6
2.693	22.2
2.688	23.4
2.683	24.5
2.677	26.5
2.672	29.2
2.667	32.2
2.661	34.2
2.656	34.8
2.651	34.4
2.645	33.7
2.640	33.3
2.635	33.4
2.629	33.5
2.624	33.0
2.619	31.7
2.613	29.7
2.608	27.4
2.602	24.9
2.597	22.2
2.592	19.5
2.586	17.3
2.581	15.4
2.576	14.2
2.570	13.6
2.565	13.9
2.560	15.2
2.554	17.4
2.549	19.8
2.544	21.8
2.538	23.1
2.533	24.3
2.528	25.6
2.522	27.8
2.517	31.0
2.512	34.2
2.506	36.4
2.501	37.1
2.496	36.6
2.490	35.5
2.485	34.7
2.480	34.3
2.474	34.3
2.469	33.9
2.464	32.7
2.458	31.2
2.453	29.2
2.448	26.9
2.442	24.4
2.437	21.6
2.432	19.0
2.426	16.9
2.421	15.1
2.416	13.9
2.410	13.4
2.405	13.8
2.400	15.0
2.394	17.5
2.389	19.6
2.384	21.6
2.378	23.2
2.373	24.4
2.368	25.5
2.362	27.1
2.357	29.4
2.352	32.6
2.346	35.4
2.341	37.3
2.336	37.8
2.330	37.4
2.325	36.5
2.320	35.6
2.314	34.9
2.309	34.6
2.304	34.0
2.298	32.9
2.293	31.6
2.288	30.1
2.282	28.1
2.277	26.0
2.272	23.6
2.266	21.0
2.261	18.6
2.256	16.6
2.250	14.9
2.245	13.8
2.240	13.2
2.234	13.3
2.229	14.1
2.223	15.7
2.218	17.7
2.213	20.1
2.207	21.9
2.202	23.5
2.197	24.7
2.191	25.6
2.186	26.8
2.181	28.4
2.175	30.4
2.170	32.2
2.165	33.6
2.159	34.5
2.154	34.9
2.149	34.9
2.143	34.8
2.138	34.5
2.133	34.5
2.127	34.6
2.122	34.3
2.117	33.7
2.111	32.6
2.106	31.3
2.101	29.5
2.095	27.4
2.090	24.9
2.085	22.2
2.079	19.6
2.074	17.4
2.069	15.5
2.063	14.3
2.058	13.4
2.053	12.8
2.047	12.9
2.042	13.8
2.037	15.4
2.031	17.4
2.026	19.8
2.021	21.8
2.015	23.5
2.010	25.0
2.005	26.0
1.999	27.2
1.994	28.7
1.989	30.7
1.983	33.1
1.978	35.7
1.972	37.7
1.967	38.9
1.962	39.1
1.956	38.7
1.951	37.9
1.946	37.1
1.940	36.2
1.935	35.7
1.930	35.3
1.924	34.9
1.919	34.1
1.914	33.1
1.908	31.8
1.903	30.5
1.898	28.6
1.892	26.4
1.887	24.0
1.882	21.3
1.876	18.9
1.871	16.9
1.866	15.2
1.860	13.9
1.855	13.1
1.850	12.7
1.844	12.7
1.839	13.1
1.834	14.0
1.828	15.6
1.823	17.6
1.818	19.8
1.812	21.8
1.807	23.6
1.802	25.1
1.796	26.3
1.791	27.3
1.786	28.3
1.780	29.6
1.775	31.5
1.769	33.6
1.764	36.0
1.759	38.0
1.753	39.5
1.748	40.2
1.743	40.2
1.737	39.8
1.732	39.0
1.727	38.0
1.721	37.3
1.716	36.4
1.711	35.8
1.705	35.4
1.700	35.0
1.695	34.4
1.689	33.5
1.684	32.5
1.679	31.3
1.673	29.6
1.668	27.5
1.663	25.2
1.657	22.7
1.652	20.2
1.647	18.2
1.641	16.4
1.636	15.0
1.631	13.9
1.625	13.1
1.620	12.7
1.615	12.7
1.609	12.8
1.604	13.4
1.599	14.4
1.593	15.7
1.588	17.3
1.582	19.2
1.577	20.9
1.572	22.4
1.566	23.8
1.561	25.1
1.556	26.3
1.550	27.6
1.545	28.7
1.540	29.8
1.534	31.2
1.529	33.0
1.524	35.0
1.518	37.0
1.513	38.8
1.508	40.3
1.502	41.1
1.497	41.4
1.492	41.4
1.486	40.9
1.481	40.1
1.476	39.1
1.470	38.1
1.465	37.3
1.460	36.6
1.454	36.1
1.449	35.8
1.444	35.5
1.438	35.1
1.433	34.5
1.428	33.7
1.422	32.7
1.417	31.5
1.411	29.9
1.406	27.9
1.401	25.8
1.395	23.7
1.390	21.4
1.385	19.4
1.379	17.8
1.374	16.2
1.369	14.4
1.363	13.7
1.358	13.1
1.353	12.7
1.347	12.6
1.342	12.5
1.337	12.6
1.331	13.0
1.326	13.8
1.321	14.8
1.315	16.0
1.310	17.6
1.305	19.3
1.299	21.2
1.294	22.9
1.289	24.5
1.283	26.0
1.278	27.2
1.273	28.1
1.267	28.8
1.262	29.5
1.256	30.1
1.251	30.8
1.246	31.6
1.240	32.8
1.235	34.3
1.230	35.9
1.224	37.7
1.219	39.4
1.214	40.7
1.208	41.8
1.203	42.5
1.198	42.9
1.192	42.9
1.187	42.8
1.182	42.1
1.176	41.3
1.171	40.3
1.166	39.3
1.160	38.4
1.155	37.6
1.150	37.0
1.144	36.6
1.139	36.4
1.134	36.2
1.128	36.0
1.123	35.6
1.118	35.2
1.112	34.7
1.107	33.9
1.101	33.0
1.096	31.7
1.091	30.3
1.085	28.7
1.080	27.0
1.075	25.4
1.069	23.6
1.064	21.9
1.059	20.3
1.053	18.9
1.048	17.7
1.043	16.6
1.037	15.7
1.032	14.8
1.027	13.8
1.021	13.3
1.016	13.0
1.011	12.6
1.005	12.5
1.000	12.4
0.995	12.4
0.989	12.4
0.984	12.7
0.979	13.1
0.973	13.7
0.968	14.4
0.962	15.2
0.957	16.2
0.952	17.5
0.946	18.8
0.941	20.4
0.936	21.9
0.930	23.2
0.925	24.4
0.920	25.6
0.914	26.8
0.909	27.7
0.904	28.4
0.898	29.1
0.893	29.5
0.888	29.9
0.882	30.1
0.877	30.3
0.872	30.7
0.866	31.0
0.861	31.4
0.856	31.8
0.850	32.6
0.845	33.5
0.840	34.7
0.834	35.9
0.829	37.2
0.823	38.9
0.818	40.4
0.813	41.7
0.807	42.8
0.802	43.6
0.797	44.1
0.791	44.5
0.786	44.5
0.781	44.5
0.775	44.2
0.770	43.9
0.765	43.5
0.759	42.8
0.754	42.0
0.749	41.0
0.743	39.8
0.738	38.7
0.733	37.8
0.727	37.1
0.722	36.5
0.717	36.2
0.711	36.1
0.706	36.2
0.701	36.4
0.695	36.5
0.690	36.7
0.684	37.3
0.679	37.3
0.674	37.3
0.668	37.3
0.663	37.1
0.658	36.9
0.652	36.6
0.647	36.2
0.642	35.8
0.636	35.3
0.631	34.5
0.626	33.6
0.620	32.5
0.615	31.6
0.610	30.8
0.604	29.9
0.599	29.1
0.594	28.2
0.588	27.3
0.583	26.4
0.578	25.5
0.572	24.6
0.567	23.5
0.561	22.4
0.556	21.6
0.551	20.7
0.545	19.9
0.540	19.2
0.535	18.5
0.529	17.9
0.524	17.4
0.519	16.8
0.513	16.4
0.508	15.9
0.503	15.5
0.497	15.1
0.492	14.8
0.487	14.6
0.481	14.3
0.476	14.0
0.471	13.8
0.465	13.5
0.460	13.3
0.455	13.0
0.449	12.9
0.444	12.7
0.438	12.7
0.433	12.6
0.428	12.6
0.422	12.6
0.417	12.6
0.412	12.6
0.406	12.6
0.401	12.6
0.396	12.7
0.390	12.7
0.385	12.9
0.380	13.0
0.374	13.3
0.369	13.3
0.364	13.6
0.358	13.7
0.353	14.0
0.348	14.1
0.342	14.5
0.337	14.6
0.332	14.9
0.326	15.3
0.321	15.6
0.316	15.8
0.310	16.1
0.305	16.5
0.299	16.9
0.294	17.2
0.289	17.6
0.283	18.0
0.278	18.4
0.273	18.8
0.267	19.2
0.262	19.6
0.257	20.1
0.251	20.5
0.246	20.9
0.241	21.3
0.235	21.8
0.230	22.2
0.225	22.7
0.219	23.1
0.214	23.5
0.209	23.9
0.203	24.3
0.198	24.7
0.193	25.1
0.187	25.3
0.182	25.7
0.176	25.9
0.171	26.2
0.166	26.5
0.160	26.8
0.155	26.9
0.150	27.1
0.144	27.4
0.139	27.7
0.134	27.8
0.128	28.1
0.123	28.3
0.118	28.4
0.112	28.5
0.107	28.7
0.102	28.8
0.096	29.0
0.091	29.1
0.086	29.2
0.080	29.3
0.075	29.3
0.070	29.3
0.064	29.3
0.059	29.3
0.053	29.3
0.048	29.3
0.043	29.4
0.037	29.4
0.032	29.4
0.027	29.4
0.021	29.4
0.016	29.5
0.011	29.5
0.005	29.6
0.000	29.9
-0.005	29.8
-0.011	29.7
-0.016	29.7
-0.021	29.6
-0.027	29.4
-0.032	29.1
-0.037	28.6
-0.043	28.0
-0.048	27.3
-0.053	26.8
-0.059	26.3
-0.064	26.1
-0.070	26.1
-0.075	26.3
-0.080	26.6
-0.086	26.9
-0.091	27.1
-0.096	27.1
-0.102	27.0
-0.107	26.9
-0.112	26.8
-0.118	26.6
-0.123	26.3
-0.128	26.1
-0.134	25.8
-0.139	25.5
-0.144	25.2
-0.150	24.8
-0.155	24.3
-0.160	23.9
-0.166	23.5
-0.171	23.1
-0.176	22.7
-0.182	22.3
-0.187	22.0
-0.193	21.6
-0.198	21.2
-0.203	20.9
-0.209	20.5
-0.214	20.1
-0.219	19.6
-0.225	19.2
-0.230	18.9
-0.235	18.5
-0.241	18.0
-0.246	17.6
-0.251	17.2
-0.257	16.7
-0.262	16.3
-0.267	15.7
-0.273	15.3
-0.278	14.9
-0.283	14.5
-0.289	14.4
-0.294	14.3
-0.299	14.3
-0.305	14.3
-0.310	14.3
-0.316	14.3
-0.321	14.3
-0.326	14.2
-0.332	14.2
-0.337	14.1
-0.342	14.1
-0.348	14.0
-0.353	14.0
-0.358	13.9
-0.364	13.9
-0.369	13.8
-0.374	13.8
-0.380	13.8
-0.385	13.8
-0.390	13.9
-0.396	14.0
-0.401	14.1
-0.406	14.3
-0.412	14.5
-0.417	14.9
-0.422	15.2
-0.428	15.6
-0.433	15.8
-0.438	16.2
-0.444	16.5
-0.449	16.9
-0.455	17.3
-0.460	17.8
-0.465	18.2
-0.471	18.6
-0.476	19.0
-0.481	19.6
-0.487	20.2
-0.492	20.9
-0.497	21.6
-0.503	22.3
-0.508	23.0
-0.513	23.8
-0.519	24.7
-0.524	25.8
-0.529	27.0
-0.535	28.1
-0.540	29.1
-0.545	30.2
-0.551	31.2
-0.556	32.2
-0.561	33.3
-0.567	34.2
-0.572	35.0
-0.578	35.8
-0.583	36.5
-0.588	37.3
-0.594	37.7
-0.599	38.2
-0.604	38.6
-0.610	39.0
-0.615	39.0
-0.620	39.0
-0.626	38.8
-0.631	38.4
-0.636	38.0
-0.642	37.6
-0.647	37.4
-0.652	37.3
-0.658	37.3
-0.663	37.4
-0.668	37.8
-0.674	38.2
-0.679	38.8
-0.684	39.9
-0.690	40.4
-0.695	41.1
-0.701	41.9
-0.706	42.7
-0.711	43.5
-0.717	44.3
-0.722	45.0
-0.727	45.7
-0.733	46.0
-0.738	46.1
-0.743	45.7
-0.749	45.0
-0.754	43.8
-0.759	42.5
-0.765	40.8
-0.770	39.0
-0.775	37.3
-0.781	35.5
-0.786	33.9
-0.791	32.6
-0.797	31.7
-0.802	31.1
-0.807	30.6
-0.813	30.5
-0.818	30.5
-0.823	30.5
-0.829	30.5
-0.834	30.5
-0.840	30.4
-0.845	30.3
-0.850	30.0
-0.856	29.5
-0.861	28.7
-0.866	27.6
-0.872	26.3
-0.877	24.8
-0.882	23.2
-0.888	21.4
-0.893	19.8
-0.898	18.5
-0.904	17.3
-0.909	16.4
-0.914	15.6
-0.920	15.1
-0.925	14.7
-0.930	14.3
-0.936	14.0
-0.941	14.0
-0.946	13.9
-0.952	13.9
-0.957	14.0
-0.962	14.4
-0.968	14.9
-0.973	15.7
-0.979	16.5
-0.984	17.5
-0.989	18.5
-0.995	19.7
-1.000	20.9
-1.005	22.1
-1.011	23.4
-1.016	24.8
-1.021	26.4
-1.027	29.0
-1.032	30.1
-1.037	31.4
-1.043	32.7
-1.048	34.1
-1.053	35.3
-1.059	36.4
-1.064	37.1
-1.069	37.6
-1.075	37.6
-1.080	37.5
-1.085	37.3
-1.091	37.1
-1.096	37.1
-1.101	37.5
-1.107	37.9
-1.112	38.6
-1.118	39.5
-1.123	40.6
-1.128	41.7
-1.134	42.7
-1.139	43.5
-1.144	43.8
-1.150	43.6
-1.155	42.7
-1.160	41.1
-1.166	38.9
-1.171	36.6
-1.176	34.4
-1.182	32.4
-1.187	31.2
-1.192	30.2
-1.198	29.6
-1.203	29.2
-1.208	29.0
-1.214	28.6
-1.219	28.3
-1.224	27.8
-1.230	27.0
-1.235	25.9
-1.240	24.4
-1.246	22.6
-1.251	20.7
-1.256	19.1
-1.262	17.7
-1.267	16.7
-1.273	15.9
-1.278	15.5
-1.283	15.3
-1.289	15.2
-1.294	15.4
-1.299	15.8
-1.305	16.3
-1.310	16.9
-1.315	17.8
-1.321	18.7
-1.326	19.9
-1.331	21.4
-1.337	22.9
-1.342	24.6
-1.347	26.5
-1.353	28.3
-1.358	30.1
-1.363	31.9
-1.369	34.6
-1.374	35.2
-1.379	35.7
-1.385	35.8
-1.390	35.8
-1.395	35.8
-1.401	35.8
-1.406	36.0
-1.411	36.3
-1.417	36.6
-1.422	37.0
-1.428	37.5
-1.433	37.8
-1.438	37.9
-1.444	38.0
-1.449	37.5
-1.454	36.5
-1.460	34.9
-1.465	33.1
-1.470	31.5
-1.476	30.1
-1.481	29.0
-1.486	28.3
-1.492	27.8
-1.497	27.3
-1.502	26.7
-1.508	26.0
-1.513	25.0
-1.518	23.5
-1.524	21.6
-1.529	19.6
-1.534	18.0
-1.540	16.5
-1.545	15.4
-1.550	14.7
-1.556	14.4
-1.561	14.4
-1.566	14.8
-1.572	15.5
-1.577	16.5
-1.582	17.8
-1.588	19.4
-1.593	21.1
-1.599	22.9
-1.604	24.9
-1.609	26.9
-1.615	28.9
-1.620	30.9
-1.625	32.8
-1.631	34.5
-1.636	35.6
-1.641	36.0
-1.647	36.0
-1.652	35.6
-1.657	35.4
-1.663	35.5
-1.668	35.9
-1.673	36.6
-1.679	37.4
-1.684	38.1
-1.689	38.5
-1.695	38.2
-1.700	37.1
-1.705	35.0
-1.711	31.7
-1.716	30.0
-1.721	28.4
-1.727	27.3
-1.732	26.5
-1.737	25.8
-1.743	25.2
-1.748	24.4
-1.753	23.1
-1.759	21.4
-1.764	19.6
-1.769	18.0
-1.775	16.8
-1.780	16.0
-1.786	15.6
-1.791	15.7
-1.796	16.1
-1.802	16.9
-1.807	18.0
-1.812	19.2
-1.818	20.8
-1.823	22.4
-1.828	24.2
-1.834	26.2
-1.839	28.2
-1.844	30.2
-1.850	32.1
-1.855	33.7
-1.860	34.7
-1.866	35.0
-1.871	34.7
-1.876	34.4
-1.882	34.3
-1.887	34.5
-1.892	35.0
-1.898	35.7
-1.903	36.2
-1.908	36.2
-1.914	35.3
-1.919	33.3
-1.924	31.0
-1.930	28.8
-1.935	27.1
-1.940	26.0
-1.946	25.2
-1.951	24.4
-1.956	23.7
-1.962	22.5
-1.967	20.9
-1.972	19.2
-1.978	17.7
-1.983	16.6
-1.989	16.2
-1.994	16.1
-1.999	16.5
-2.005	17.2
-2.010	18.3
-2.015	19.6
-2.021	21.2
-2.026	22.8
-2.031	24.8
-2.037	26.8
-2.042	28.9
-2.047	30.9
-2.053	33.8
-2.058	34.2
-2.063	34.2
-2.069	33.8
-2.074	33.5
-2.079	33.6
-2.085	34.0
-2.090	34.6
-2.095	35.1
-2.101	35.2
-2.106	34.4
-2.111	32.4
-2.117	30.1
-2.122	27.6
-2.127	25.7
-2.133	24.2
-2.138	23.3
-2.143	22.4
-2.149	21.4
-2.154	20.0
-2.159	18.4
-2.165	16.8
-2.170	15.8
-2.175	15.3
-2.181	15.6
-2.186	16.2
-2.191	17.2
-2.197	18.5
-2.202	20.1
-2.207	21.7
-2.213	23.6
-2.218	25.6
-2.223	27.8
-2.229	29.8
-2.234	31.5
-2.240	32.6
-2.245	32.9
-2.250	32.7
-2.256	32.5
-2.261	32.5
-2.266	32.8
-2.272	33.2
-2.277	33.2
-2.282	32.4
-2.288	30.9
-2.293	28.8
-2.298	26.7
-2.304	25.1
-2.309	23.9
-2.314	23.2
-2.320	22.4
-2.325	21.3
-2.330	19.9
-2.336	18.5
-2.341	17.5
-2.346	17.0
-2.352	17.0
-2.357	17.4
-2.362	18.2
-2.368	19.3
-2.373	20.7
-2.378	22.2
-2.384	24.0
-2.389	25.9
-2.394	29.0
-2.400	30.2
-2.405	31.0
-2.410	31.3
-2.416	31.1
-2.421	30.8
-2.426	30.8
-2.432	31.0
-2.437	31.3
-2.442	31.3
-2.448	30.6
-2.453	28.9
-2.458	26.6
-2.464	24.7
-2.469	23.2
-2.474	22.0
-2.480	21.2
-2.485	20.3
-2.490	19.2
-2.496	18.1
-2.501	17.3
-2.506	16.9
-2.512	17.1
-2.517	17.8
-2.522	18.6
-2.528	19.7
-2.533	21.2
-2.538	22.8
-2.544	24.6
-2.549	26.5
-2.554	28.3
-2.560	29.6
-2.565	30.4
-2.570	30.4
-2.576	30.3
-2.581	30.1
-2.586	30.2
-2.592	30.3
-2.597	30.2
-2.602	29.4
-2.608	27.6
-2.613	25.6
-2.619	23.9
-2.624	22.6
-2.629	21.7
-2.635	20.8
-2.640	19.8
-2.645	18.7
-2.651	17.9
-2.656	17.6
-2.661	17.6
-2.667	18.2
-2.672	19.1
-2.677	20.3
-2.683	21.7
-2.688	23.3
-2.693	25.1
-2.699	26.8
-2.704	28.4
-2.709	29.3
-2.715	29.5
-2.720	29.1
-2.725	28.7
-2.731	28.4
-2.736	28.4
-2.741	28.1
-2.747	27.3
-2.752	25.7
-2.757	23.8
-2.763	22.0
-2.768	20.8
-2.773	19.9
-2.779	19.1
-2.784	18.2
-2.789	17.3
-2.795	16.7
-2.800	16.7
-2.805	17.1
-2.811	18.0
-2.816	19.2
-2.821	20.8
-2.827	22.3
-2.832	23.9
-2.837	25.5
-2.843	27.0
-2.848	28.0
-2.853	28.4
-2.859	28.3
-2.864	27.9
-2.869	27.6
-2.875	27.5
-2.880	27.1
-2.885	26.1
-2.891	24.5
-2.896	22.6
-2.901	21.1
-2.907	20.0
-2.912	19.3
-2.917	18.6
-2.923	17.9
-2.928	17.4
-2.933	17.2
-2.939	17.5
-2.944	18.2
-2.949	19.3
-2.955	20.5
-2.960	22.1
-2.965	23.6
-2.971	25.0
-2.976	26.2
-2.981	27.0
-2.987	27.3
-2.992	27.0
-2.997	26.6
-3.003	26.2
-3.008	25.9
-3.013	25.4
-3.019	24.2
-3.024	22.6
-3.029	21.0
-3.035	19.8
-3.040	18.9
-3.045	18.2
-3.051	17.4
-3.056	16.7
-3.061	16.3
-3.067	16.4
-3.072	16.9
-3.077	18.2
-3.083	19.2
-3.088	20.4
-3.093	21.9
-3.099	23.2
-3.104	24.2
-3.109	24.7
-3.115	24.8
-3.120	24.5
-3.125	24.4
-3.131	24.3
-3.136	23.9
-3.141	23.1
-3.147	21.6
-3.152	20.0
-3.157	18.6
-3.163	17.6
-3.168	16.7
-3.173	15.9
-3.179	15.1
-3.184	14.5
-3.189	14.5
-3.195	15.0
-3.200	15.8
-3.205	16.8
-3.211	18.0
-3.216	19.2
-3.221	20.5
-3.227	21.6
-3.232	22.0
-3.237	22.0
-3.243	21.7
-3.248	21.6
-3.253	21.5
-3.259	21.0
-3.264	19.9
-3.269	18.5
-3.275	17.0
-3.280	15.9
-3.285	14.9
-3.291	14.1
-3.296	13.2
-3.301	12.6
-3.306	12.3
-3.312	12.5
-3.317	13.0
-3.322	14.0
-3.328	15.1
-3.333	16.3
-3.338	17.5
-3.344	18.6
-3.349	19.2
-3.354	19.2
-3.360	19.1
-3.365	18.8
-3.370	18.7
-3.376	18.3
-3.381	17.4
-3.386	16.2
-3.392	14.9
-3.397	13.8
-3.402	13.0
-3.408	12.1
-3.413	11.3
-3.418	10.4
-3.424	10.4
-3.429	10.6
-3.434	11.2
-3.440	12.0
-3.445	13.1
-3.450	14.3
-3.456	15.2
-3.461	15.9
-3.466	16.3
-3.472	16.4
-3.477	16.5
-3.482	16.5
-3.488	16.3
-3.493	15.6
-3.498	14.4
-3.504	13.3
-3.509	12.3
-3.514	11.5
-3.520	10.6
-3.525	9.8
-3.530	9.1
-3.536	8.8
-3.541	8.9
-3.546	9.4
-3.552	10.2
-3.557	11.1
-3.562	12.0
-3.568	12.8
-3.573	13.5
-3.578	13.8
-3.584	13.8
-3.589	13.9
-3.594	13.7
-3.600	13.3
-3.605	12.7
-3.610	11.8
-3.616	11.0
-3.621	10.2
-3.626	9.3
-3.632	8.5
-3.637	7.7
-3.642	7.3
-3.647	7.3
-3.653	7.7
-3.658	8.1
-3.663	8.9
-3.669	9.6
-3.674	10.3
-3.679	10.8
-3.685	11.0
-3.690	11.1
-3.695	11.3
-3.701	11.3
-3.706	11.1
-3.711	10.4
-3.717	9.7
-3.722	8.9
-3.727	8.3
-3.733	7.6
-3.738	6.9
-3.743	6.4
-3.749	6.0
-3.754	6.0
-3.759	6.3
-3.765	6.5
-3.770	7.1
-3.775	7.7
-3.781	8.2
-3.786	8.6
-3.791	8.7
-3.797	8.7
-3.802	8.8
-3.807	8.8
-3.813	8.4
-3.818	7.8
-3.823	7.3
-3.829	6.8
-3.834	6.4
-3.839	5.8
-3.844	5.3
-3.850	4.9
-3.855	4.7
-3.860	4.8
-3.866	5.0
-3.871	5.3
-3.876	5.7
-3.882	6.0
-3.887	6.2
-3.892	6.2
-3.898	6.3
-3.903	6.3
-3.908	6.4
-3.914	6.3
-3.919	5.9
-3.924	5.5
-3.930	5.2
-3.935	4.9
-3.940	4.6
-3.946	4.2
-3.951	3.9
-3.956	3.8
-3.962	3.8
-3.967	3.9
-3.972	4.1
-3.978	4.3
-3.983	4.5
-3.988	4.5
-3.994	4.5
-3.999	4.5
-4.004	4.5
-4.009	4.5
-4.015	4.5
-4.020	4.3
-4.025	4.1
-4.031	3.8
-4.036	3.6
-4.041	3.4
-4.047	3.2
-4.052	3.0
-4.057	3.0
-4.063	3.0
-4.068	3.1
-4.073	3.1
-4.079	3.3
-4.084	3.3
-4.089	3.3
-4.095	3.3
-4.100	3.6
-4.105	3.4
-4.111	3.4
-4.116	3.2
-4.121	3.1
-4.127	3.0
-4.132	2.9
-4.137	2.7
-4.143	2.6
-4.148	2.5
-4.153	2.4
-4.158	2.4
-4.164	2.4
-4.169	2.4
-4.174	2.4
-4.180	2.4
-4.185	2.5
-4.190	2.5
-4.196	2.5
-4.201	2.5
-4.206	2.4
-4.212	2.4
-4.217	2.4
-4.222	2.3
-4.228	2.3
-4.233	2.2
-4.238	2.2
-4.244	2.1
-4.249	2.1
-4.254	2.1
-4.260	2.0
-4.265	2.0
-4.270	2.1
-4.275	2.0
-4.281	2.0
-4.286	2.0
-4.291	2.1
-4.297	2.0
-4.302	2.0
-4.307	2.0
-4.313	2.0
-4.318	2.0
-4.323	2.0
-4.329	2.0
-4.334	2.0
-4.339	2.0
-4.345	2.0
-4.350	2.0
-4.355	2.0
-4.361	2.0
-4.366	2.0
-4.371	2.0
-4.377	2.0
-4.382	1.9
-4.387	1.9
-4.392	1.9
-4.398	1.9
-4.403	1.9
-4.408	1.9
-4.414	1.9
-4.419	1.9
-4.424	1.9
-4.430	1.8
-4.435	1.8
-4.440	1.8
-4.446	1.8
-4.451	1.8
-4.456	1.8
-4.462	1.7
-4.467	1.7
-4.472	1.7
-4.478	1.7
-4.483	1.7
-4.488	1.7
-4.493	1.7
-4.499	1.7
-4.504	1.7
-4.509	1.6
-4.515	1.7
-4.520	1.6
-4.525	1.6
-4.531	1.6
-4.536	1.6
-4.541	1.6
-4.547	1.6
-4.552	1.6
-4.557	1.6
-4.563	1.6
-4.568	1.6
-4.573	1.6
-4.578	1.6
-4.584	1.6
-4.589	1.6
-4.594	1.5
-4.600	1.5
-4.605	1.5
-4.610	1.5
-4.616	1.5
-4.621	1.5
-4.626	1.5
-4.632	1.5
-4.637	1.5
-4.642	1.5
-4.648	1.6
-4.653	1.5
-4.658	1.5
-4.663	1.5
-4.669	1.5
-4.674	1.5
-4.679	1.5
-4.685	1.5
-4.690	1.5
-4.695	1.5
-4.701	1.5
-4.706	1.5
-4.711	1.5
-4.717	1.5
-4.722	1.5
-4.727	1.5
-4.733	1.5
-4.738	1.5
-4.743	1.5
-4.748	1.5
-4.754	1.5
-4.759	1.5
-4.764	1.5
-4.770	1.5
-4.775	1.5
-4.780	1.6
-4.786	1.5
-4.791	1.5
-4.796	1.5
-4.802	1.5
-4.807	1.5
-4.812	1.5
-4.818	1.5
-4.823	1.5
-4.828	1.5
-4.833	1.5
-4.839	1.5
-4.844	1.5
-4.849	1.5
-4.855	1.4
-4.860	1.4
-4.865	1.4
-4.871	1.4
-4.876	1.4
-4.881	1.4
-4.887	1.4
-4.892	1.4
-4.897	1.4
-4.902	1.4
-4.908	1.4
-4.913	1.4
-4.918	1.4
-4.924	1.4
-4.929	1.4
-4.934	1.4
-4.940	1.4
-4.945	1.4
-4.950	1.4
-4.956	1.3
-4.961	1.3
-4.966	1.3
-4.971	1.3
-4.977	1.3
-4.982	1.3
-4.987	1.3
-4.993	1.3
-4.998	1.3
-5.003	1.3
-5.009	1.3
-5.014	1.3
-5.019	1.3
-5.025	1.3
-5.030	1.3
-5.035	1.3
-5.040	1.3
-5.046	1.3
-5.051	1.3
-5.056	1.3
-5.062	1.3
-5.067	1.3
-5.072	1.3
-5.078	1.3
-5.083	1.3
-5.088	1.3
-5.094	1.3
-5.099	1.3
-5.104	1.3
-5.109	1.3
-5.115	1.3
-5.120	1.4
-5.125	1.4
-5.131	1.3
-5.136	1.3
-5.141	1.3
-5.147	1.3
-5.152	1.3
-5.157	1.3
-5.162	1.3
-5.168	1.3
-5.173	1.3
-5.178	1.3
-5.184	1.3
-5.189	1.3
-5.194	1.3
-5.200	1.3
-5.205	1.3
-5.210	1.3
-5.216	1.3
-5.221	1.3
-5.226	1.3
-5.231	1.2
-5.237	1.2
-5.242	1.2
-5.247	1.2
-5.253	1.2
-5.258	1.2
-5.263	1.2
-5.269	1.2
-5.274	1.2
-5.279	1.2
-5.284	1.2
-5.290	1.2
-5.295	1.2
-5.300	1.2
-5.306	1.2
-5.311	1.2
-5.316	1.2
-5.322	1.2
-5.327	1.2
-5.332	1.2
-5.337	1.2
-5.343	1.2
-5.348	1.2
-5.353	1.2
-5.359	1.2
-5.364	1.2
-5.369	1.2
-5.375	1.2
-5.380	1.2
-5.385	1.2
-5.390	1.2
-5.396	1.2
-5.401	1.2
-5.406	1.2
-5.412	1.2
-5.417	1.2
-5.422	1.2
-5.428	1.2
-5.433	1.1
-5.438	1.1
-5.443	1.1
-5.449	1.1
-5.454	1.1
