&a / 	I1 / 
5.459	0.0
5.454	0.0
5.449	0.0
5.443	0.0
5.438	0.0
5.433	0.0
5.428	0.0
5.422	0.0
5.417	0.0
5.412	0.0
5.406	0.0
5.401	0.0
5.396	0.0
5.390	0.0
5.385	0.0
5.380	0.0
5.375	0.0
5.369	0.0
5.364	0.0
5.359	0.0
5.353	0.0
5.348	0.0
5.343	0.0
5.337	0.0
5.332	0.0
5.327	0.0
5.322	0.0
5.316	0.0
5.311	0.0
5.306	0.0
5.300	0.0
5.295	0.0
5.290	0.1
5.284	0.1
5.279	0.1
5.274	0.1
5.269	0.2
5.263	0.2
5.258	0.2
5.253	0.2
5.247	0.2
5.242	0.1
5.237	0.1
5.231	0.1
5.226	0.2
5.221	0.2
5.216	0.2
5.210	0.4
5.205	0.4
5.200	0.4
5.194	0.4
5.189	0.4
5.184	0.4
5.178	0.4
5.173	0.4
5.168	0.3
5.162	0.3
5.157	0.2
5.152	0.1
5.147	0.1
5.141	0.1
5.136	0.2
5.131	0.2
5.125	0.3
5.120	0.5
5.115	0.4
5.109	0.4
5.104	0.4
5.099	0.4
5.094	0.4
5.088	0.4
5.083	0.4
5.078	0.4
5.072	0.5
5.067	0.7
5.062	1.0
5.056	1.5
5.051	1.9
5.046	2.4
5.040	2.7
5.035	2.6
5.030	2.4
5.025	2.0
5.019	1.6
5.014	1.2
5.009	1.0
5.003	0.8
4.998	0.8
4.993	0.9
4.987	1.1
4.982	1.4
4.977	2.1
4.971	2.7
4.966	3.3
4.961	3.7
4.956	3.7
4.950	3.5
4.945	3.0
4.940	2.6
4.934	2.1
4.929	1.7
4.924	1.4
4.918	1.2
4.913	1.3
4.908	1.6
4.902	1.9
4.897	2.7
4.892	3.6
4.887	4.3
4.881	5.0
4.876	5.3
4.871	5.1
4.865	4.6
4.860	3.9
4.855	3.2
4.849	2.6
4.844	2.2
4.839	1.9
4.833	1.7
4.828	1.9
4.823	2.2
4.818	3.0
4.812	3.9
4.807	4.9
4.802	5.8
4.796	6.5
4.791	6.7
4.786	6.3
4.780	5.6
4.775	4.8
4.770	4.0
4.764	3.3
4.759	2.8
4.754	2.5
4.748	2.4
4.743	2.6
4.738	3.1
4.733	3.9
4.727	5.0
4.722	6.2
4.717	7.2
4.711	7.8
4.706	8.0
4.701	7.5
4.695	6.7
4.690	5.8
4.685	5.0
4.679	4.1
4.674	3.5
4.669	3.1
4.663	3.0
4.658	3.2
4.653	3.8
4.648	4.7
4.642	6.0
4.637	7.3
4.632	8.4
4.626	9.1
4.621	9.3
4.616	9.0
4.610	8.3
4.605	7.4
4.600	6.3
4.594	5.3
4.589	4.6
4.584	4.1
4.578	3.8
4.573	4.0
4.568	4.6
4.563	5.7
4.557	6.9
4.552	8.2
4.547	9.3
4.541	10.1
4.536	10.5
4.531	10.4
4.525	9.9
4.520	9.2
4.515	8.2
4.509	7.2
4.504	6.1
4.499	5.3
4.493	4.8
4.488	4.5
4.483	4.8
4.478	5.5
4.472	6.8
4.467	8.2
4.462	9.6
4.456	10.6
4.451	11.2
4.446	11.4
4.440	11.6
4.435	11.0
4.430	10.2
4.424	9.2
4.419	8.1
4.414	7.1
4.408	6.3
4.403	5.7
4.398	5.7
4.392	6.3
4.387	7.3
4.382	8.6
4.377	10.1
4.371	11.3
4.366	12.0
4.361	12.3
4.355	12.3
4.350	12.1
4.345	11.8
4.339	11.1
4.334	10.3
4.329	9.3
4.323	8.3
4.318	7.4
4.313	6.8
4.307	6.5
4.302	7.0
4.297	8.0
4.291	9.4
4.286	10.9
4.281	12.3
4.275	13.0
4.270	13.1
4.265	13.0
4.260	12.7
4.254	12.3
4.249	11.9
4.244	11.2
4.238	10.5
4.233	9.5
4.228	8.6
4.222	7.8
4.217	7.4
4.212	7.6
4.206	8.5
4.201	9.9
4.196	11.5
4.190	13.1
4.185	14.1
4.180	14.4
4.174	14.2
4.169	13.7
4.164	13.2
4.158	12.5
4.153	11.9
4.148	11.2
4.143	10.5
4.137	9.8
4.132	9.1
4.127	8.6
4.121	8.3
4.116	8.7
4.111	9.8
4.105	11.2
4.100	13.6
4.095	14.9
4.089	15.6
4.084	15.6
4.079	15.2
4.073	14.4
4.068	13.6
4.063	12.7
4.057	11.8
4.052	11.0
4.047	10.3
4.041	9.6
4.036	9.2
4.031	8.8
4.025	8.6
4.020	9.0
4.015	10.1
4.009	11.6
4.004	13.4
3.999	15.4
3.994	16.8
3.988	17.2
3.983	16.9
3.978	16.1
3.972	15.2
3.967	14.2
3.962	13.0
3.956	12.0
3.951	11.1
3.946	10.2
3.940	9.5
3.935	8.9
3.930	8.5
3.924	8.6
3.919	9.4
3.914	11.0
3.908	12.9
3.903	15.0
3.898	17.0
3.892	18.3
3.887	18.5
3.882	18.0
3.876	17.0
3.871	15.9
3.866	14.7
3.860	13.4
3.855	12.3
3.850	11.2
3.844	10.2
3.839	9.3
3.834	8.7
3.829	8.3
3.823	8.3
3.818	9.1
3.813	10.7
3.807	12.8
3.802	15.2
3.797	17.7
3.791	19.7
3.786	20.2
3.781	19.9
3.775	18.7
3.770	17.4
3.765	15.9
3.759	13.9
3.754	12.8
3.749	11.6
3.743	10.5
3.738	9.6
3.733	8.8
3.727	8.2
3.722	7.9
3.717	8.1
3.711	8.9
3.706	10.8
3.701	13.3
3.695	16.0
3.690	19.0
3.685	21.2
3.679	21.7
3.674	21.3
3.669	19.9
3.663	18.3
3.658	16.6
3.653	15.0
3.647	13.4
3.642	12.0
3.637	10.8
3.632	9.7
3.626	8.8
3.621	8.1
3.616	7.7
3.610	7.8
3.605	8.3
3.600	9.9
3.594	12.3
3.589	15.1
3.584	18.2
3.578	21.2
3.573	22.7
3.568	22.7
3.562	21.7
3.557	20.0
3.552	18.0
3.546	16.1
3.541	14.2
3.536	12.6
3.530	11.1
3.525	10.0
3.520	9.0
3.514	8.3
3.509	7.8
3.504	7.5
3.498	7.5
3.493	8.1
3.488	9.6
3.482	12.3
3.477	15.4
3.472	18.9
3.466	22.2
3.461	24.4
3.456	24.5
3.450	23.4
3.445	21.6
3.440	19.4
3.434	17.3
3.429	15.3
3.424	13.6
3.418	11.4
3.413	10.4
3.408	9.4
3.402	8.6
3.397	7.9
3.392	7.4
3.386	7.2
3.381	7.3
3.376	7.9
3.370	9.7
3.365	12.7
3.360	16.1
3.354	19.8
3.349	23.4
3.344	25.6
3.338	25.9
3.333	24.6
3.328	22.7
3.322	20.3
3.317	18.0
3.312	15.9
3.306	13.9
3.301	12.3
3.296	10.8
3.291	9.7
3.285	8.7
3.280	8.0
3.275	7.5
3.269	7.2
3.264	7.2
3.259	7.6
3.253	8.6
3.248	10.9
3.243	14.2
3.237	18.1
3.232	22.2
3.227	25.8
3.221	27.5
3.216	27.2
3.211	25.5
3.205	23.2
3.200	20.5
3.195	18.1
3.189	15.9
3.184	14.0
3.179	12.4
3.173	11.0
3.168	9.8
3.163	8.8
3.157	8.0
3.152	7.5
3.147	7.1
3.141	7.1
3.136	7.3
3.131	8.0
3.125	9.6
3.120	12.5
3.115	16.3
3.109	20.4
3.104	24.6
3.099	27.9
3.093	29.1
3.088	28.4
3.083	26.2
3.077	22.8
3.072	20.4
3.067	18.1
3.061	16.0
3.056	14.1
3.051	12.4
3.045	11.0
3.040	9.7
3.035	8.8
3.029	8.0
3.024	7.5
3.019	7.1
3.013	7.0
3.008	7.2
3.003	7.7
2.997	8.7
2.992	10.9
2.987	14.3
2.981	18.6
2.976	23.2
2.971	27.6
2.965	30.6
2.960	31.3
2.955	29.8
2.949	27.4
2.944	24.3
2.939	21.4
2.933	18.6
2.928	16.3
2.923	14.2
2.917	12.5
2.912	10.9
2.907	9.7
2.901	8.8
2.896	8.1
2.891	7.5
2.885	7.2
2.880	6.9
2.875	7.0
2.869	7.3
2.864	7.9
2.859	9.3
2.853	11.8
2.848	15.5
2.843	20.2
2.837	25.1
2.832	29.7
2.827	32.6
2.821	33.1
2.816	31.6
2.811	28.9
2.805	25.6
2.800	22.6
2.795	19.6
2.789	17.1
2.784	14.9
2.779	13.0
2.773	11.4
2.768	10.1
2.763	9.1
2.757	8.3
2.752	7.7
2.747	7.3
2.741	7.0
2.736	6.9
2.731	7.1
2.725	7.3
2.720	7.9
2.715	9.2
2.709	11.5
2.704	15.2
2.699	20.1
2.693	25.5
2.688	30.6
2.683	34.4
2.677	35.5
2.672	34.2
2.667	31.2
2.661	27.7
2.656	24.3
2.651	21.2
2.645	18.4
2.640	16.0
2.635	13.9
2.629	12.2
2.624	10.9
2.619	9.8
2.613	8.8
2.608	8.1
2.602	7.5
2.597	7.2
2.592	7.0
2.586	6.8
2.581	6.9
2.576	7.2
2.570	7.6
2.565	8.6
2.560	10.2
2.554	13.0
2.549	17.2
2.544	22.4
2.538	28.0
2.533	33.1
2.528	36.5
2.522	37.3
2.517	35.9
2.512	33.1
2.506	29.6
2.501	26.1
2.496	22.8
2.490	19.9
2.485	17.2
2.480	15.0
2.474	13.0
2.469	11.5
2.464	10.2
2.458	9.2
2.453	8.5
2.448	7.8
2.442	7.3
2.437	7.0
2.432	6.8
2.426	6.8
2.421	6.9
2.416	7.2
2.410	7.5
2.405	8.3
2.400	9.6
2.394	12.5
2.389	15.4
2.384	20.0
2.378	25.3
2.373	30.9
2.368	35.9
2.362	38.9
2.357	39.4
2.352	37.8
2.346	34.7
2.341	31.2
2.336	27.4
2.330	24.1
2.325	20.9
2.320	18.2
2.314	15.8
2.309	13.8
2.304	12.0
2.298	10.7
2.293	9.5
2.288	8.7
2.282	8.0
2.277	7.5
2.272	7.1
2.266	6.9
2.261	6.7
2.256	6.8
2.250	6.8
2.245	7.0
2.240	7.3
2.234	7.9
2.229	8.8
2.223	10.3
2.218	12.5
2.213	15.8
2.207	20.3
2.202	25.8
2.197	31.5
2.191	36.6
2.186	39.7
2.181	40.2
2.175	38.3
2.170	35.2
2.165	31.8
2.159	28.2
2.154	24.9
2.149	21.8
2.143	19.0
2.138	16.7
2.133	14.6
2.127	12.9
2.122	11.5
2.117	10.3
2.111	9.3
2.106	8.6
2.101	7.9
2.095	7.4
2.090	7.1
2.085	6.9
2.079	6.7
2.074	6.7
2.069	6.6
2.063	6.7
2.058	6.8
2.053	7.4
2.047	7.6
2.042	8.3
2.037	9.4
2.031	11.1
2.026	13.5
2.021	17.2
2.015	21.9
2.010	27.6
2.005	33.5
1.999	38.9
1.994	42.5
1.989	44.0
1.983	43.2
1.978	41.0
1.972	37.8
1.967	34.1
1.962	30.3
1.956	26.7
1.951	23.4
1.946	20.3
1.940	17.5
1.935	15.2
1.930	13.3
1.924	11.7
1.919	10.5
1.914	9.5
1.908	8.7
1.903	8.1
1.898	7.5
1.892	7.2
1.887	6.9
1.882	6.7
1.876	6.6
1.871	6.6
1.866	6.5
1.860	6.6
1.855	6.6
1.850	6.9
1.844	7.2
1.839	7.7
1.834	8.4
1.828	9.3
1.823	10.6
1.818	12.6
1.812	15.3
1.807	19.2
1.802	24.2
1.796	29.8
1.791	35.6
1.786	40.9
1.780	44.7
1.775	46.5
1.769	46.4
1.764	44.8
1.759	41.9
1.753	38.5
1.748	34.8
1.743	31.2
1.737	27.7
1.732	24.3
1.727	21.2
1.721	18.5
1.716	16.2
1.711	13.2
1.705	12.0
1.700	11.0
1.695	10.1
1.689	9.4
1.684	8.7
1.679	8.1
1.673	7.7
1.668	7.3
1.663	7.0
1.657	6.9
1.652	6.8
1.647	6.7
1.641	6.6
1.636	6.6
1.631	6.6
1.625	6.6
1.620	6.7
1.615	7.0
1.609	7.2
1.604	7.6
1.599	8.2
1.593	8.9
1.588	9.9
1.582	11.1
1.577	12.7
1.572	15.1
1.566	18.3
1.561	22.4
1.556	27.1
1.550	32.5
1.545	38.1
1.540	43.1
1.534	46.8
1.529	48.9
1.524	49.1
1.518	47.8
1.513	45.4
1.508	42.4
1.502	39.0
1.497	35.5
1.492	32.1
1.486	28.7
1.481	25.6
1.476	22.7
1.470	19.9
1.465	17.6
1.460	15.6
1.454	13.9
1.449	12.6
1.444	11.5
1.438	10.5
1.433	9.8
1.428	9.1
1.422	8.6
1.417	8.1
1.411	7.7
1.406	7.4
1.401	7.1
1.395	6.9
1.390	6.8
1.385	6.7
1.379	6.7
1.374	6.6
1.369	6.6
1.363	6.5
1.358	6.5
1.353	6.6
1.347	6.6
1.342	6.6
1.337	7.0
1.331	7.1
1.326	7.5
1.321	8.0
1.315	8.6
1.310	9.1
1.305	10.1
1.299	11.2
1.294	12.7
1.289	14.4
1.283	17.0
1.278	20.1
1.273	24.2
1.267	28.8
1.262	33.9
1.256	39.1
1.251	44.1
1.246	48.1
1.240	51.2
1.235	52.8
1.230	53.3
1.224	52.6
1.219	50.9
1.214	48.5
1.208	45.6
1.203	42.7
1.198	39.5
1.192	36.4
1.187	33.5
1.182	30.5
1.176	27.7
1.171	25.0
1.166	22.6
1.160	20.3
1.155	18.3
1.150	16.5
1.144	15.0
1.139	13.7
1.134	12.7
1.128	11.7
1.123	10.9
1.118	10.2
1.112	9.6
1.107	9.0
1.101	8.6
1.096	8.1
1.091	7.7
1.085	7.3
1.080	7.1
1.075	6.9
1.069	6.7
1.064	6.6
1.059	6.5
1.053	6.4
1.048	6.4
1.043	6.4
1.037	6.4
1.032	6.4
1.027	6.4
1.021	6.3
1.016	6.3
1.011	6.3
1.005	6.3
1.000	6.4
0.995	6.5
0.989	6.5
0.984	6.7
0.979	6.9
0.973	7.1
0.968	7.3
0.962	7.7
0.957	8.1
0.952	8.5
0.946	9.0
0.941	9.6
0.936	10.3
0.930	11.1
0.925	11.9
0.920	13.1
0.914	14.5
0.909	16.2
0.904	18.2
0.898	20.6
0.893	23.4
0.888	26.7
0.882	30.5
0.877	34.6
0.872	38.8
0.866	42.9
0.861	46.8
0.856	49.9
0.850	52.4
0.845	54.2
0.840	55.3
0.834	56.0
0.829	56.1
0.823	55.6
0.818	54.6
0.813	53.3
0.807	51.8
0.802	49.9
0.797	47.9
0.791	45.6
0.786	43.3
0.781	41.1
0.775	38.9
0.770	36.8
0.765	34.7
0.759	32.6
0.754	30.6
0.749	28.7
0.743	26.8
0.738	24.9
0.733	23.1
0.727	21.5
0.722	20.1
0.717	18.8
0.711	17.6
0.706	16.6
0.701	15.7
0.695	14.8
0.690	14.1
0.684	13.0
0.679	12.5
0.674	12.0
0.668	11.4
0.663	11.0
0.658	10.5
0.652	10.1
0.647	9.7
0.642	9.3
0.636	9.0
0.631	8.7
0.626	8.4
0.620	8.2
0.615	7.9
0.610	7.8
0.604	7.5
0.599	7.4
0.594	7.2
0.588	7.2
0.583	7.0
0.578	7.0
0.572	6.9
0.567	6.9
0.561	6.8
0.556	6.8
0.551	6.7
0.545	6.7
0.540	6.6
0.535	6.6
0.529	6.5
0.524	6.5
0.519	6.4
0.513	6.4
0.508	6.4
0.503	6.4
0.497	6.4
0.492	6.4
0.487	6.4
0.481	6.4
0.476	6.4
0.471	6.4
0.465	6.4
0.460	6.4
0.455	6.4
0.449	6.4
0.444	6.4
0.438	6.4
0.433	6.4
0.428	6.4
0.422	6.4
0.417	6.4
0.412	6.4
0.406	6.4
0.401	6.4
0.396	6.5
0.390	6.5
0.385	6.6
0.380	6.6
0.374	6.7
0.369	6.8
0.364	6.8
0.358	6.8
0.353	6.8
0.348	6.8
0.342	7.2
0.337	7.2
0.332	7.3
0.326	7.3
0.321	7.4
0.316	7.5
0.310	7.6
0.305	7.6
0.299	7.7
0.294	7.7
0.289	7.8
0.283	8.0
0.278	8.2
0.273	8.3
0.267	8.4
0.262	8.4
0.257	8.5
0.251	8.5
0.246	8.8
0.241	8.9
0.235	9.2
0.230	9.2
0.225	9.2
0.219	9.2
0.214	9.4
0.209	9.5
0.203	9.7
0.198	9.9
0.193	10.0
0.187	10.0
0.182	10.0
0.176	10.0
0.171	10.2
0.166	10.3
0.160	10.5
0.155	10.6
0.150	10.7
0.144	10.8
0.139	10.9
0.134	11.0
0.128	11.0
0.123	11.1
0.118	11.1
0.112	11.2
0.107	11.2
0.102	11.2
0.096	11.2
0.091	11.3
0.086	11.4
0.080	11.5
0.075	11.6
0.070	11.6
0.064	11.7
0.059	11.7
0.053	11.7
0.048	11.7
0.043	11.7
0.037	11.7
0.032	11.8
0.027	11.7
0.021	11.7
0.016	11.6
0.011	11.6
0.005	11.6
0.000	11.7
-0.005	11.6
-0.011	11.6
-0.016	11.6
-0.021	11.6
-0.027	11.6
-0.032	11.6
-0.037	11.4
-0.043	11.3
-0.048	11.0
-0.053	10.7
-0.059	10.4
-0.064	10.2
-0.070	9.9
-0.075	9.9
-0.080	9.8
-0.086	9.8
-0.091	9.8
-0.096	9.9
-0.102	10.0
-0.107	10.0
-0.112	10.0
-0.118	10.0
-0.123	10.0
-0.128	10.0
-0.134	9.9
-0.139	9.8
-0.144	9.8
-0.150	9.7
-0.155	9.6
-0.160	9.5
-0.166	9.2
-0.171	9.1
-0.176	8.9
-0.182	8.8
-0.187	8.6
-0.193	8.6
-0.198	8.4
-0.203	8.4
-0.209	8.3
-0.214	8.4
-0.219	8.4
-0.225	8.4
-0.230	8.4
-0.235	8.4
-0.241	8.3
-0.246	8.3
-0.251	8.1
-0.257	8.0
-0.262	7.8
-0.267	7.5
-0.273	7.3
-0.278	7.1
-0.283	6.9
-0.289	6.8
-0.294	6.7
-0.299	6.7
-0.305	6.7
-0.310	6.7
-0.316	6.7
-0.321	6.8
-0.326	6.8
-0.332	6.9
-0.337	7.0
-0.342	7.4
-0.348	7.3
-0.353	7.4
-0.358	7.4
-0.364	7.4
-0.369	7.3
-0.374	7.2
-0.380	7.0
-0.385	7.0
-0.390	6.9
-0.396	6.8
-0.401	6.8
-0.406	6.8
-0.412	6.7
-0.417	6.7
-0.422	6.7
-0.428	6.8
-0.433	6.8
-0.438	6.8
-0.444	7.0
-0.449	7.1
-0.455	7.3
-0.460	7.7
-0.465	8.0
-0.471	8.2
-0.476	8.4
-0.481	8.4
-0.487	8.4
-0.492	8.5
-0.497	8.5
-0.503	8.6
-0.508	8.6
-0.513	8.8
-0.519	8.9
-0.524	9.2
-0.529	9.4
-0.535	9.7
-0.540	10.0
-0.545	10.4
-0.551	10.6
-0.556	11.1
-0.561	11.5
-0.567	12.0
-0.572	12.6
-0.578	13.3
-0.583	14.0
-0.588	14.9
-0.594	15.8
-0.599	16.7
-0.604	17.6
-0.610	18.4
-0.615	19.2
-0.620	20.1
-0.626	20.9
-0.631	21.9
-0.636	23.0
-0.642	24.1
-0.647	25.3
-0.652	26.5
-0.658	27.9
-0.663	29.4
-0.668	30.9
-0.674	32.5
-0.679	34.1
-0.684	36.8
-0.690	38.1
-0.695	39.5
-0.701	41.2
-0.706	43.2
-0.711	45.2
-0.717	47.3
-0.722	49.3
-0.727	51.2
-0.733	52.9
-0.738	54.4
-0.743	55.5
-0.749	56.0
-0.754	56.2
-0.759	55.5
-0.765	54.2
-0.770	52.2
-0.775	49.6
-0.781	46.4
-0.786	42.7
-0.791	38.7
-0.797	34.9
-0.802	31.1
-0.807	27.6
-0.813	24.5
-0.818	21.6
-0.823	19.3
-0.829	17.3
-0.834	15.7
-0.840	14.3
-0.845	13.2
-0.850	12.3
-0.856	11.7
-0.861	11.2
-0.866	10.9
-0.872	10.5
-0.877	10.2
-0.882	9.8
-0.888	9.4
-0.893	8.8
-0.898	8.4
-0.904	8.0
-0.909	7.7
-0.914	7.4
-0.920	7.2
-0.925	7.1
-0.930	7.1
-0.936	6.9
-0.941	6.8
-0.946	6.7
-0.952	6.7
-0.957	6.6
-0.962	6.6
-0.968	6.7
-0.973	7.0
-0.979	7.3
-0.984	7.8
-0.989	8.3
-0.995	9.0
-1.000	9.8
-1.005	10.6
-1.011	11.4
-1.016	12.3
-1.021	13.1
-1.027	14.5
-1.032	14.8
-1.037	15.4
-1.043	15.9
-1.048	16.7
-1.053	17.5
-1.059	18.5
-1.064	19.7
-1.069	21.1
-1.075	22.6
-1.080	24.3
-1.085	26.1
-1.091	28.2
-1.096	30.3
-1.101	32.4
-1.107	34.8
-1.112	37.3
-1.118	39.7
-1.123	42.2
-1.128	44.5
-1.134	46.7
-1.139	48.5
-1.144	49.9
-1.150	50.5
-1.155	50.4
-1.160	49.2
-1.166	47.0
-1.171	43.7
-1.176	39.6
-1.182	34.9
-1.187	30.2
-1.192	25.8
-1.198	21.9
-1.203	18.6
-1.208	16.0
-1.214	13.9
-1.219	12.3
-1.224	11.0
-1.230	10.2
-1.235	9.4
-1.240	8.8
-1.246	8.3
-1.251	8.0
-1.256	7.7
-1.262	7.6
-1.267	7.4
-1.273	7.5
-1.278	7.5
-1.283	7.6
-1.289	7.8
-1.294	8.1
-1.299	8.4
-1.305	8.8
-1.310	9.4
-1.315	10.0
-1.321	10.7
-1.326	11.6
-1.331	12.4
-1.337	13.3
-1.342	14.2
-1.347	15.0
-1.353	15.9
-1.358	16.8
-1.363	17.7
-1.369	19.2
-1.374	20.1
-1.379	21.1
-1.385	22.4
-1.390	24.1
-1.395	26.0
-1.401	28.3
-1.406	30.8
-1.411	33.4
-1.417	35.9
-1.422	38.1
-1.428	40.0
-1.433	41.5
-1.438	42.5
-1.444	42.8
-1.449	42.0
-1.454	40.2
-1.460	37.6
-1.465	34.4
-1.470	30.6
-1.476	26.5
-1.481	22.7
-1.486	19.5
-1.492	17.0
-1.497	15.0
-1.502	13.4
-1.508	12.2
-1.513	11.3
-1.518	10.6
-1.524	10.0
-1.529	9.6
-1.534	9.2
-1.540	8.9
-1.545	8.7
-1.550	8.4
-1.556	8.3
-1.561	8.4
-1.566	8.6
-1.572	8.9
-1.577	9.4
-1.582	10.1
-1.588	10.8
-1.593	11.6
-1.599	12.5
-1.604	13.5
-1.609	14.6
-1.615	15.9
-1.620	17.2
-1.625	18.6
-1.631	20.2
-1.636	22.0
-1.641	24.0
-1.647	26.1
-1.652	28.4
-1.657	30.8
-1.663	33.2
-1.668	35.8
-1.673	37.9
-1.679	39.9
-1.684	41.3
-1.689	41.9
-1.695	41.6
-1.700	39.9
-1.705	37.1
-1.711	31.9
-1.716	28.0
-1.721	23.7
-1.727	19.8
-1.732	16.6
-1.737	14.0
-1.743	12.2
-1.748	10.8
-1.753	9.8
-1.759	9.2
-1.764	8.7
-1.769	8.5
-1.775	8.6
-1.780	8.7
-1.786	8.8
-1.791	9.1
-1.796	9.6
-1.802	10.2
-1.807	10.8
-1.812	11.6
-1.818	12.5
-1.823	13.4
-1.828	14.5
-1.834	15.7
-1.839	17.0
-1.844	18.4
-1.850	20.0
-1.855	21.8
-1.860	23.8
-1.866	25.9
-1.871	28.1
-1.876	30.3
-1.882	32.4
-1.887	34.5
-1.892	36.2
-1.898	37.6
-1.903	38.2
-1.908	37.7
-1.914	36.2
-1.919	33.5
-1.924	29.8
-1.930	25.5
-1.935	21.2
-1.940	17.6
-1.946	14.8
-1.951	12.7
-1.956	11.3
-1.962	10.2
-1.967	9.7
-1.972	9.3
-1.978	9.1
-1.983	9.2
-1.989	9.4
-1.994	9.8
-1.999	10.2
-2.005	10.7
-2.010	11.5
-2.015	12.2
-2.021	13.1
-2.026	14.0
-2.031	15.2
-2.037	16.5
-2.042	17.9
-2.047	19.4
-2.053	22.1
-2.058	23.5
-2.063	25.2
-2.069	27.1
-2.074	29.1
-2.079	31.1
-2.085	32.9
-2.090	34.4
-2.095	35.3
-2.101	35.0
-2.106	33.6
-2.111	31.1
-2.117	27.4
-2.122	23.3
-2.127	19.2
-2.133	15.9
-2.138	13.5
-2.143	11.8
-2.149	10.7
-2.154	10.1
-2.159	9.8
-2.165	9.7
-2.170	9.9
-2.175	10.2
-2.181	10.6
-2.186	11.1
-2.191	11.6
-2.197	12.4
-2.202	13.3
-2.207	14.3
-2.213	15.5
-2.218	16.8
-2.223	18.1
-2.229	19.5
-2.234	21.2
-2.240	22.9
-2.245	24.5
-2.250	26.3
-2.256	28.0
-2.261	29.7
-2.266	31.1
-2.272	31.8
-2.277	31.7
-2.282	30.4
-2.288	28.1
-2.293	24.6
-2.298	20.8
-2.304	17.2
-2.309	14.3
-2.314	12.3
-2.320	11.0
-2.325	10.2
-2.330	9.8
-2.336	9.7
-2.341	9.9
-2.346	10.1
-2.352	10.6
-2.357	11.2
-2.362	11.8
-2.368	12.8
-2.373	13.8
-2.378	14.8
-2.384	16.2
-2.389	17.5
-2.394	19.9
-2.400	20.9
-2.405	22.3
-2.410	23.7
-2.416	25.3
-2.421	26.6
-2.426	28.1
-2.432	29.2
-2.437	29.7
-2.442	29.3
-2.448	27.8
-2.453	25.3
-2.458	21.9
-2.464	18.4
-2.469	15.3
-2.474	13.0
-2.480	11.4
-2.485	10.5
-2.490	10.1
-2.496	9.9
-2.501	10.1
-2.506	10.3
-2.512	10.8
-2.517	11.4
-2.522	12.2
-2.528	13.1
-2.533	14.1
-2.538	15.3
-2.544	16.6
-2.549	17.8
-2.554	19.0
-2.560	20.3
-2.565	21.8
-2.570	23.1
-2.576	24.4
-2.581	25.6
-2.586	26.5
-2.592	26.8
-2.597	26.2
-2.602	24.6
-2.608	22.2
-2.613	19.1
-2.619	16.0
-2.624	13.4
-2.629	11.8
-2.635	10.8
-2.640	10.2
-2.645	10.0
-2.651	10.2
-2.656	10.5
-2.661	11.0
-2.667	11.7
-2.672	12.5
-2.677	13.5
-2.683	14.7
-2.688	16.0
-2.693	17.4
-2.699	18.6
-2.704	19.8
-2.709	21.0
-2.715	22.1
-2.720	23.2
-2.725	24.1
-2.731	24.7
-2.736	25.3
-2.741	24.3
-2.747	22.8
-2.752	20.5
-2.757	17.8
-2.763	15.0
-2.768	12.7
-2.773	11.2
-2.779	10.3
-2.784	10.0
-2.789	9.9
-2.795	10.1
-2.800	10.7
-2.805	11.3
-2.811	12.1
-2.816	13.1
-2.821	14.1
-2.827	15.3
-2.832	16.7
-2.837	17.9
-2.843	19.0
-2.848	20.0
-2.853	20.9
-2.859	21.7
-2.864	22.4
-2.869	22.9
-2.875	22.7
-2.880	21.8
-2.885	20.4
-2.891	18.2
-2.896	15.7
-2.901	13.1
-2.907	11.3
-2.912	10.2
-2.917	9.6
-2.923	9.6
-2.928	9.8
-2.933	10.4
-2.939	11.0
-2.944	11.9
-2.949	12.9
-2.955	13.7
-2.960	14.7
-2.965	15.7
-2.971	16.8
-2.976	17.8
-2.981	18.9
-2.987	19.6
-2.992	20.3
-2.997	20.8
-3.003	20.9
-3.008	20.4
-3.013	19.2
-3.019	17.5
-3.024	15.4
-3.029	12.9
-3.035	10.9
-3.040	9.5
-3.045	8.9
-3.051	8.6
-3.056	8.9
-3.061	9.3
-3.067	10.0
-3.072	10.9
-3.077	12.4
-3.083	13.3
-3.088	14.2
-3.093	15.1
-3.099	16.0
-3.104	16.8
-3.109	17.7
-3.115	18.4
-3.120	19.0
-3.125	19.3
-3.131	19.1
-3.136	18.2
-3.141	16.9
-3.147	15.0
-3.152	12.6
-3.157	10.6
-3.163	9.0
-3.168	7.9
-3.173	7.5
-3.179	7.5
-3.184	7.9
-3.189	8.5
-3.195	9.4
-3.200	10.4
-3.205	11.6
-3.211	12.8
-3.216	13.8
-3.221	14.8
-3.227	15.7
-3.232	16.5
-3.237	17.1
-3.243	17.5
-3.248	17.5
-3.253	17.0
-3.259	16.0
-3.264	14.5
-3.269	12.5
-3.275	10.4
-3.280	8.4
-3.285	7.1
-3.291	6.5
-3.296	6.2
-3.301	6.4
-3.306	6.8
-3.312	7.5
-3.317	8.4
-3.322	9.4
-3.328	10.6
-3.333	11.8
-3.338	12.8
-3.344	13.8
-3.349	14.8
-3.354	15.5
-3.360	16.0
-3.365	16.0
-3.370	15.4
-3.376	14.3
-3.381	12.6
-3.386	10.6
-3.392	8.7
-3.397	7.0
-3.402	6.0
-3.408	5.3
-3.413	5.0
-3.418	5.3
-3.424	5.6
-3.429	6.2
-3.434	7.1
-3.440	8.1
-3.445	9.2
-3.450	10.3
-3.456	11.3
-3.461	12.3
-3.466	13.1
-3.472	13.7
-3.477	13.9
-3.482	13.7
-3.488	12.8
-3.493	11.5
-3.498	9.8
-3.504	7.9
-3.509	6.3
-3.514	5.2
-3.520	4.5
-3.525	4.2
-3.530	4.1
-3.536	4.4
-3.541	4.8
-3.546	5.5
-3.552	6.4
-3.557	7.4
-3.562	8.5
-3.568	9.7
-3.573	10.7
-3.578	11.7
-3.584	12.3
-3.589	12.3
-3.594	11.7
-3.600	10.7
-3.605	9.2
-3.610	7.5
-3.616	6.0
-3.621	4.8
-3.626	4.0
-3.632	3.5
-3.637	3.3
-3.642	3.5
-3.647	3.7
-3.653	4.2
-3.658	4.8
-3.663	5.6
-3.669	6.6
-3.674	7.7
-3.679	8.7
-3.685	9.7
-3.690	10.4
-3.695	10.4
-3.701	10.0
-3.706	9.2
-3.711	7.9
-3.717	6.6
-3.722	5.1
-3.727	4.0
-3.733	3.2
-3.738	2.8
-3.743	2.7
-3.749	2.7
-3.754	2.9
-3.759	3.6
-3.765	4.1
-3.770	4.6
-3.775	5.5
-3.781	6.5
-3.786	7.3
-3.791	8.1
-3.797	8.6
-3.802	8.6
-3.807	8.0
-3.813	7.1
-3.818	5.9
-3.823	4.7
-3.829	3.5
-3.834	2.9
-3.839	2.4
-3.844	2.1
-3.850	2.0
-3.855	2.1
-3.860	2.3
-3.866	2.7
-3.871	3.3
-3.876	3.9
-3.882	4.6
-3.887	5.4
-3.892	6.0
-3.898	6.4
-3.903	6.5
-3.908	6.3
-3.914	5.5
-3.919	4.6
-3.924	3.6
-3.930	2.8
-3.935	2.2
-3.940	1.9
-3.946	1.6
-3.951	1.5
-3.956	1.7
-3.962	1.8
-3.967	2.0
-3.972	2.5
-3.978	3.0
-3.983	3.5
-3.988	4.1
-3.994	4.6
-3.999	4.8
-4.004	4.8
-4.009	4.4
-4.015	3.8
-4.020	3.1
-4.025	2.5
-4.031	1.9
-4.036	1.6
-4.041	1.3
-4.047	1.2
-4.052	1.1
-4.057	1.2
-4.063	1.3
-4.068	1.5
-4.073	1.7
-4.079	2.1
-4.084	2.5
-4.089	2.9
-4.095	3.0
-4.100	3.4
-4.105	3.0
-4.111	2.7
-4.116	2.1
-4.121	1.6
-4.127	1.2
-4.132	1.0
-4.137	0.8
-4.143	0.8
-4.148	0.7
-4.153	0.8
-4.158	0.8
-4.164	0.9
-4.169	1.0
-4.174	1.2
-4.180	1.4
-4.185	1.6
-4.190	1.7
-4.196	1.8
-4.201	1.6
-4.206	1.4
-4.212	1.2
-4.217	0.9
-4.222	0.6
-4.228	0.6
-4.233	0.4
-4.238	0.4
-4.244	0.4
-4.249	0.4
-4.254	0.4
-4.260	0.4
-4.265	0.4
-4.270	0.4
-4.275	0.4
-4.281	0.4
-4.286	0.4
-4.291	0.5
-4.297	0.5
-4.302	0.4
-4.307	0.4
-4.313	0.4
-4.318	0.4
-4.323	0.4
-4.329	0.4
-4.334	0.4
-4.339	0.4
-4.345	0.4
-4.350	0.4
-4.355	0.4
-4.361	0.4
-4.366	0.4
-4.371	0.4
-4.377	0.4
-4.382	0.4
-4.387	0.4
-4.392	0.4
-4.398	0.4
-4.403	0.4
-4.408	0.4
-4.414	0.4
-4.419	0.4
-4.424	0.3
-4.430	0.3
-4.435	0.3
-4.440	0.4
-4.446	0.4
-4.451	0.4
-4.456	0.4
-4.462	0.4
-4.467	0.3
-4.472	0.3
-4.478	0.3
-4.483	0.4
-4.488	0.4
-4.493	0.4
-4.499	0.4
-4.504	0.4
-4.509	0.3
-4.515	0.3
-4.520	0.3
-4.525	0.3
-4.531	0.3
-4.536	0.3
-4.541	0.3
-4.547	0.3
-4.552	0.3
-4.557	0.3
-4.563	0.3
-4.568	0.3
-4.573	0.3
-4.578	0.3
-4.584	0.3
-4.589	0.3
-4.594	0.3
-4.600	0.3
-4.605	0.3
-4.610	0.3
-4.616	0.3
-4.621	0.3
-4.626	0.3
-4.632	0.3
-4.637	0.3
-4.642	0.3
-4.648	0.3
-4.653	0.4
-4.658	0.4
-4.663	0.4
-4.669	0.4
-4.674	0.4
-4.679	0.3
-4.685	0.3
-4.690	0.3
-4.695	0.3
-4.701	0.3
-4.706	0.3
-4.711	0.3
-4.717	0.3
-4.722	0.3
-4.727	0.3
-4.733	0.3
-4.738	0.3
-4.743	0.3
-4.748	0.3
-4.754	0.3
-4.759	0.3
-4.764	0.3
-4.770	0.3
-4.775	0.3
-4.780	0.4
-4.786	0.3
-4.791	0.3
-4.796	0.3
-4.802	0.3
-4.807	0.3
-4.812	0.3
-4.818	0.3
-4.823	0.3
-4.828	0.3
-4.833	0.3
-4.839	0.3
-4.844	0.3
-4.849	0.3
-4.855	0.3
-4.860	0.3
-4.865	0.3
-4.871	0.3
-4.876	0.3
-4.881	0.3
-4.887	0.3
-4.892	0.3
-4.897	0.3
-4.902	0.3
-4.908	0.3
-4.913	0.3
-4.918	0.3
-4.924	0.3
-4.929	0.3
-4.934	0.3
-4.940	0.3
-4.945	0.3
-4.950	0.3
-4.956	0.3
-4.961	0.3
-4.966	0.3
-4.971	0.3
-4.977	0.3
-4.982	0.3
-4.987	0.3
-4.993	0.3
-4.998	0.3
-5.003	0.3
-5.009	0.3
-5.014	0.3
-5.019	0.3
-5.025	0.3
-5.030	0.3
-5.035	0.3
-5.040	0.3
-5.046	0.3
-5.051	0.3
-5.056	0.3
-5.062	0.3
-5.067	0.3
-5.072	0.3
-5.078	0.3
-5.083	0.3
-5.088	0.3
-5.094	0.3
-5.099	0.3
-5.104	0.3
-5.109	0.3
-5.115	0.3
-5.120	0.4
-5.125	0.4
-5.131	0.4
-5.136	0.3
-5.141	0.3
-5.147	0.3
-5.152	0.3
-5.157	0.3
-5.162	0.3
-5.168	0.3
-5.173	0.3
-5.178	0.3
-5.184	0.3
-5.189	0.3
-5.194	0.3
-5.200	0.3
-5.205	0.3
-5.210	0.3
-5.216	0.3
-5.221	0.3
-5.226	0.3
-5.231	0.3
-5.237	0.3
-5.242	0.3
-5.247	0.3
-5.253	0.3
-5.258	0.3
-5.263	0.3
-5.269	0.3
-5.274	0.3
-5.279	0.3
-5.284	0.3
-5.290	0.3
-5.295	0.3
-5.300	0.3
-5.306	0.3
-5.311	0.3
-5.316	0.3
-5.322	0.3
-5.327	0.3
-5.332	0.3
-5.337	0.3
-5.343	0.3
-5.348	0.3
-5.353	0.3
-5.359	0.3
-5.364	0.3
-5.369	0.3
-5.375	0.3
-5.380	0.3
-5.385	0.3
-5.390	0.3
-5.396	0.3
-5.401	0.3
-5.406	0.3
-5.412	0.3
-5.417	0.3
-5.422	0.3
-5.428	0.3
-5.433	0.3
-5.438	0.3
-5.443	0.3
-5.449	0.3
-5.454	0.3
